-1267253594
-1371619877
-113285023
-1598015035
-1538816980
-5405801
124479983
-1042333039
964636561
2026848541
1799997497
-1531589873
-1253778419
-1706032933
114677472
1029956087
-138176918
1578929667
-1926941440
-1105699988
1467628520
1704899490
-785735498
-1614972888
-1394121888
-1969891087
64224994
812403703
-1297599317
-907243797
1788517165
1678481257
1520620100
1021371167
-477567923
-1198126910
-1757726421
1675529159
-1037490041
114235445
-837043444
-188268264
-704309643
-2131954863
-1761053024
-849946661
1737885193
238103483
247951955
-1894387396
-1744679471
-1143923427
1251818791
-836283423
1124345980
1814707806
-428328489
-60210626
2098917020
72208915
753072191
1210409511
1123002541
-2001556940
-2038939398
1176439206
1709325653
1267921682
756660045
1266222350
893698029
493304200
668218691
32057935
-1742822593
1766793329
1433093656
-1052684916
145347729
256604505
1731683034
700082922
894960354
1546957942
-1432824499
65542571
-2092001677
-1634477096
117138703
-1962435462
-1607721848
-416051745
-1216007428
-1916853497
349317999
-1751012626
-1269995821
-1516826410
-48561471
2133961309
228430617
-1614783148
-921539609
-1415918924
1720382269
-547856085
532520671
1816957205
1633871868
1670096086
-1980354752
-1169732616
-231188986
1744733303
-1583856261
-1729262306
-795489567
-1795441432
-830166941
-1575039297
1932692493
72758799
-1812243730
-935675899
1304884329
820813430
-1914973636
514831549
1140769749
1049799706
983828441
-726739893
592332055
857730
-858264514
1489642463
1381592578
638230035
-2129724003
652343269
-34972204
366326946
1702758110
253286593
-1016668704
-568353973
1756318436
-875755844
-175454100
-2063660672
-1216634860
-1458452167
69695964
-1186352796
-2105851882
1897004331
-1727614961
-1676593831
-917680163
426284746
-1794016248
-2105449769
-1568578587
353569412
398600657
-169425281
31360187
812437809
435307163
-461247121
1618442178
1742896011
1115950378
-1958942761
179589171
-503445283
2037985391
-1818369844
-1535800219
-1319799559
1123966070
-1146429604
-1695202482
234860910
571350402
-65010463
1934566985
-1883013638
-1748288139
-174400358
-471835879
-1921592259
-606775435
-1133342601
1782346285
171760303
417366476
1042159411
394591525
-1581542700
-368889328
528920488
-574256748
1078048429
-2034516093
1521892702
181273607
1718122865
-1612634180
557210212
1545717574
2017730429
1825110406
-932302237
1144118233
-1846435448
-131692025
1134197487
1736256461
1837027098
-305801180
-52683488
-526799177
-1542609858
797360676
-1584438175
-1730817543
-2064988554
1730376083
-1494825337
-1739480765
-1671799569
-577298072
937531685
6517596
6141941
-1230462359
-966244322
-703324382
1994881960
-1989262898
1406984570
-2068120369
1578844655
1406596644
2064124541
1115830141
-141498451
1100936820
1933029877
908079851
-765265613
1557405604
1541805011
1587218817
-1068305931
1366346780
-1500192259
129459857
801457023
752484780
49391202
-939245345
1241667497
-948430420
-1256869298
612972899
-1572273655
275728228
939863807
-1976196532
437392553
602906798
-726260873
579498568
1487670265
837455066
-786332781
1876535298
2068907526
796245457
-932340644
-1441144340
-1773635348
-419293316
-295538276
-1611321794
315186313
-1391515290
-1706172236
-995731651
-1352090765
510271135
-1316578132
-223858752
-450109653
1418807267
-182823029
-378625041
554994578
-893148164
-232477463
1369018958
-999228005
1154878052
1443996098
193835257
1285595457
-832709587
-1192768116
677380913
-1466322245
-413442267
-320634742
1623499542
1586183918
428615477
2104327010
1635378102
700069667
288371209
84741101
1421152070
-1888515078
1670551797
1000252238
-1398389330
750289821
122748182
1091909957
545079114
1025097527
610996664
1990070469
-743376914
-681008217
-287971081
-983322173
-890730965
1359354224
1004857000
681978960
-1291607344
200333300
462716281
-1381238551
-375020365
148156386
14752342
1886390798
59634864
-23099157
-1575558642
-853089520
1479884274
2088502971
1236084022
-2046965713
-2083070351
-191035097
-1945457075
-954967069
1031953339
759462818
1555975712
568475002
910745590
-584898571
277432943
37715170
626459428
2144763950
-1622175023
190838728
1527473320
1109693401
1004265428
-679545887
-1491150582
1122346093
1168384104
-218527098
-2080690186
9309449
-2070095492
-1603552890
262788746
1262645599
1055939561
407711031
-1584145967
1401645040
-430377841
-121104434
-941552247
-1117973639
355171005
2069211632
802970412
24797101
1007804630
-1705967480
-1096843986
-746400477
2135665456
-2106942502
-1163351422
-462079855
-1086033601
-1208765480
-266275230
-815765190
-223425294
261750196
-926783409
-1684065627
-1034658724
-1566460234
1102647383
1284703631
-1766737513
-113964977
-573924458
-308491231
-142635803
-818079379
1287924990
1498565989
-1682432745
-1163239152
-1427734950
1205982198
-675610063
173477404
1610911119
-1854075913
489086542
-66611087
-1232512475
-775992251
119226561
-1011167432
-220367099
-141377808
1678972797
1069283455
-1142066044
-1118102298
-425045322
-520169976
35546783
1852043505
-1767399737
-1619614882
-1022489720
-604269085
-573745066
1939235112
1380996705
-2054986738
-1635574091
37355969
2050253382
-28261895
1201383563
69028615
1605833105
-1044247471
1452326579
-1627487886
-1435902632
1420134686
1523155299
-505925528
-663185094
-1438655946
-551724144
-260135984
-1201590437
-702373131
-720877423
178448101
-644048724
-1445243603
1294684162
2013682764
61379951
-1316136613
-1392616469
-859356313
-875173382
1141507612
-934884064
-832586005
-1640553542
-315876641
-1875349014
964047023
-1454888326
862171610
-1872968986
-1959330105
1185358309
-1497703103
2092337709
-606267951
-1447338167
-949328971
1398167732
2089794702
-944801891
-677818374
1475767798
-300839756
-823154235
1046038509
-1334118961
-2128239359
-542234349
480042676
-6438741
1917675667
-1895625711
-419146185
-975513121
433217398
-1688870019
-1003453490
-232415146
741674110
-417645164
-1911370694
709117296
1867697239
-1630496365
1353476825
1479136806
1931612634
1959104378
421427221
-997903759
453350305
820588562
-1341168867
-381839636
1001144029
-792796879
964809431
-2030330697
2055013222
-66176452
-1518067179
-513289313
-2081764077
1242932462
-807474426
884365947
-1224851893
1631569495
1146901998
-22472232
-2094530596
1289221158
-257351911
-72842024
-213403125
-382059990
-412383219
1210909782
-1694430485
868201493
2033952766
-575573938
1127812594
-663732349
-1024733306
856243068
221006024
9357882
-867765355
-1736755902
708186466
715505843
173429669
-1834220082
-429932209
2064474329
-1684091086
-93206404
1583303249
1128133903
-1495687575
-1520670600
1678901295
-2099496072
-1665965537
1498719143
2012851145
1871609201
-1504198908
2003687367
1477393261
-192079006
-1539377128
757398996
94348392
-255225674
-568968100
-905349203
-1306736162
1588802599
-319644723
-1468886025
924155102
-1554958274
-1215703155
-1532040127
1696917936
-404901862
1009484131
-2058813079
-237304207
-2121950097
-1058529691
-1160857027
1386534625
850281681
788218099
608151652
-1412130437
811622706
1718144487
-652200065
-1000918586
-1048717399
957145354
-1989268854
-643472405
2087654004
744555721
-1600844920
1096070534
1463890496
-969887448
-1186500257
395642816
771661991
-576567819
-284409856
958742173
396347129
2123953217
1973241546
1964673426
-477500098
1690782476
2015813936
343613786
-1267825285
-451847361
1632533912
1952878345
-1312987340
1918412510
987770502
-1198337951
-889143502
1706774397
526494201
1619455331
547469190
-1527564301
-1295295723
1869665065
-1342104627
1931021645
411986433
-1778546702
-1111523916
-1545966843
-568795630
1954024574
1287953854
2121371252
813121064
988053148
-481420220
2141212036
1942311768
437408000
1565111997
1876378793
-636096053
-1392923558
-2067819201
-1211273199
-275518491
-1704637021
1381329990
-1050958823
-1457744983
-1658096199
-918849869
2008193283
1807117915
709738030
1465945110
-2009498138
-1270022554
1770055516
-52766929
-137476379
-1706768512
-753208388
-2142834511
-2046809437
-620170997
-948493193
-373857718
1953497846
-1830409538
-322655427
-286599713
-754350886
1184675716
976102742
-98601700
-712801369
-1823620445
-812305418
-717341397
-758860922
1309041441
553567700
-1652471102
-156393695
1131213154
2038556157
-1805360541
-375405415
960205589
1683235812
1239365855
2049248700
-2005065391
1890314430
-572702693
-610658441
1060097274
-404599284
467598358
871431305
1950557545
566446457
-1477630934
-775317639
-2145557173
-225164827
-2017061743
-2038992950
1747855817
1447453121
-88976342
-1000552852
-1412237335
-1379190115
-973786499
2089121140
372519987
601329150
396018172
1843631887
2047307927
-1228320908
-1514884469
138094516
-1550961522
-484232212
1093390402
-68610152
418816894
2120311362
962865777
-1853522073
-743070366
1376786714
1968056036
1747446832
1019770282
-599368208
1600062823
-368052576
-867845025
36964716
-1064331380
-991717006
-2004576886
-862731014
-2094518101
-807929050
-1264440618
-1715024486
1829573161
-835674384
-1617640588
-949383180
313448445
1657549043
780496446
982348206
871803248
-1053466194
1293396510
-2085266430
197014051
1428260022
1725477041
-1753752694
-991975594
-777132379
-729397466
1065544030
-1242931866
692588114
1215773036
-555044512
1783411095
-1791206079
-1385307252
-647108139
361516052
-2086026403
750742866
-1527803848
1328676403
1666218468
-1572824013
537861962
-459357956
1906112930
1075011434
1707446893
-313288725
-139485087
-2004977053
-1115764174
-426877963
-1976256097
-1297419939
244065840
2025435848
-1662525823
-1900471222
239495191
1011791447
-120004344
-1202093063
922891268
-1330966379
-1019758974
1798565238
73122326
-163147904
-724560574
1277769648
1553175872
1524594016
800373138
-1943867556
-268481696
-2115696304
-1541044760
-1494368999
2083445392
-774099971
-558173608
-926281259
-1449668676
-1192102739
-1953202358
1513141614
-576888203
2074909315
1273962348
-117498980
551907843
1223372288
2019806441
186229517
-1067991104
-1301748019
291356122
1188045521
-953812317
-520025673
-2074416131
-617387528
-552570853
-1539527943
-1233067100
72390009
-1559988707
360960193
-281342481
-1489936299
1819206272
-186664467
389474877
1305399803
510534536
802442517
1281747679
1712713454
1085590975
1991439309
32762126
-957067356
-945376501
841573931
-291740641
492618161
1833424637
636693126
-1950875660
1334990628
1345705062
784125313
788461237
285902897
1348044848
-1397483961
529822144
-1558361329
227022186
-1305429225
-407241251
281298467
-1876453724
445995522
2127138486
1947762782
542969980
1765849587
1577567621
89142242
445544824
660838384
-1111003377
-1158371605
828173079
1510966430
-495817520
740437740
1659392034
1276614154
-912556681
-1641889288
1651450951
27521446
-1585473388
-1059734941
-1653466905
971338385
680841615
-1889685335
-1381190866
1718022170
2049963483
783781773
-1531889820
-1152522106
2015976044
-127121787
1812428162
-1196125167
855411814
1187036757
-1970058488
-681335758
-1587160810
400421881
654372365
1792160547
289136933
1621450183
-1807592041
599173024
-596464886
2089025237
705319724
-1042575122
-1441208128
-1076310889
-2065223256
-1919434978
1660380345
-458667315
-2123895471
-1049027694
-1081751023
262767003
-1462478552
-2019162688
543636487
608875001
900842881
-59688906
517238952
1272343629
131267542
1960344029
-964672820
466742613
-1672764457
1147576193
-1042354362
-180361910
-2104728124
1584767376
1804038486
-1223357118
-2039587329
1800784417
-420892062
76951253
1682552284
2125152056
1057718501
1654424067
-241404484
1235447112
1856602791
-1490582188
528737369
-306702856
-247949778
1668396097
-1650718878
63833897
-1827186828
1949286354
-2130831030
-874922440
537312217
66596232
-1789917092
454327168
-184813222
1934327932
-1570483438
-1771009502
2093821187
-1768730425
1225446823
748929031
291337378
-17763036
1252547819
-217351642
1678012349
-451239212
1379144277
1662884098
1798855621
1209018305
932648286
525222262
1346453386
-1033985306
1499190796
-2037750348
422500850
37543661
23069900
1625512586
-390969371
423637785
-518706300
1191705831
-233335413
-1979445658
-435600407
1156328350
1789570745
52203757
-382607603
-691562135
1184260776
-1454450803
-804670917
983644975
-721195289
630185416
2000264454
674027145
-248986222
-134931990
1485012127
420770946
-1956805948
-707774609
305553511
757054622
-1991228087
-1193176154
1524167621
1816624157
512679576
1176723601
691024184
1155784064
-1312518657
-26635761
-325733713
-100133812
-2033960160
1345386812
754070296
-1643740915
-858299493
-759549416
837162294
-884698723
1663152140
1160988518
-554499145
-1305091674
-579574729
461189334
-1810432379
717905764
-1041490302
-1958178971
-126195364
705919151
-26830173
-233354236
1423437724
1990235192
-1954190439
-1251541897
-698461857
1733516050
-1530011425
874656384
1446604238
1433441908
-372929825
833952060
1190207152
-1413831235
-705817948
570688715
883013955
-575745865
-327526188
-1605838794
-251967409
1406073375
-1815998500
-70883955
2100417399
-2139785628
991446380
1653550160
198854609
-464975185
117215014
-1366353392
-531311175
373512227
-622473583
-102878892
1243535330
-1180944539
1482735699
-816039232
-1116498003
1074841694
-265565537
1509155955
-381386051
19216959
-1097023764
1374024625
1241949643
1802276805
-399211801
1784900802
-765689674
1137828798
17814697
-1530407655
-478115875
747827659
-1457283540
-1875709001
-1731860815
844359526
-1826190341
508802001
-792045691
1303429414
1005640488
1059851696
-313711449
-1825523647
2000065155
-273671720
-716396876
-423328685
-468739320
1084273260
-850602968
725644637
1258580889
639911632
2092873268
231713295
-1081263124
-1817786993
1319753428
963503689
995947206
-1665941377
-197788640
860474847
-642759831
-1995690205
1791280353
-1496741988
527216202
577467216
-1708131737
185076873
291657990
59081746
-1816482920
1547806574
-1480658537
-2080218417
747660620
-167090023
1408176322
-1831256403
814685144
1200722397
1611583443
-1716524495
-1597138456
1038171869
1944159628
1997113128
1444513938
2033831306
1045683802
-195457847
1069900967
379374313
1393214410
1992199195
869266763
1838376985
-1665874118
1199199892
-1812719673
1215871892
771425235
-629970174
-1261898595
55595701
-951473226
929418414
369619420
-1766467719
-1770539915
-869816130
-963709258
-637874551
-1177004348
-976720421
1225446479
1968419191
297293167
-778618349
-1868634153
-750393016
1156857743
814203647
614222298
1671195954
1584669176
356195368
-1465114922
977340838
-1792254987
-1184628826
1089854733
1303679887
504007479
-1198228214
-117204068
-1547662372
36750089
1996305021
900972237
-1415514308
-78609720
2021946408
-1616341592
-208835032
521805714
35522007
26983631
-1334531802
1892455741
-2102244648
-2046535029
305007946
1077736075
-1938943959
517769249
-1063715584
-9710437
2034390225
-767329174
-950406903
238200225
-1343376242
478104482
-1839096381
-33975591
1214208175
-1665511297
-580212564
1224895928
282956611
856003205
-799100376
686025828
-1621587853
-2064990824
710653826
-1852572314
-1108112852
1332575954
-786493136
-1055448418
-1789523456
-620406121
1529581914
-355072137
352273742
2098614245
-61569379
1475987034
1072041887
335535344
1722787595
-1488809625
-731881645
1816082669
-1047779466
1574154850
-941326212
664459054
1563263726
-1565846037
-336588279
270174062
-1729317241
657053170
-679530202
1223739246
-498404001
-76122264
-1841269021
-189851200
1655511262
1691930426
307801107
594048482
-14200513
-105201030
492001142
-100522611
-1640703409
-101165601
-1492415974
1730454351
581941365
1977401455
539659773
-1757196713
1578680817
-1311672966
-275752201
-112523377
377518184
-610313782
1490286038
-1510667280
-1838844257
-1754163177
-2075648566
-1917018096
1726314119
-640890688
215149571
-95723265
1055535993
-1750835016
464341400
-921088428
1019980993
-370959426
-1945542742
-1153769086
2004192352
-1520544304
250439113
1260963439
-256526835
510756833
-1266519403
-2114844345
-2009709955
-807248951
1642934952
721603980
-1375376668
302386044
2076223923
-977870223
-2068698950
-1725169794
-1149672985
2140194920
1445760450
1676075158
-1267618411
-27067399
-1811605433
1651019969
-794435816
-2008901163
1939244968
-353353879
-2119591182
888647723
-1252395753
-209122090
1688053812
-351219399
1952265373
-1437929244
721937187
1862581029
1674560096
-97068810
610612760
1176905996
-1793408984
-1629343446
1332198567
2128290139
1966917407
-608875314
1414624515
80368990
-596995624
-1346149871
-973200479
1204184598
-880688494
1551502589
2067090714
6824526
1206602172
1725009316
-670602667
1925583344
-195088196
1871066521
-175654171
-137829740
-741094165
-1703495518
-546940497
-444495527
-1610703132
-154512213
-1593542705
1340026360
1450009086
-599980804
-1059659333
175125269
-358477802
1562326190
-1618398551
-491065384
1090837905
1400480859
714496558
510652092
-768904800
-1180862700
-2043586521
-629095002
941940422
-1502373225
-89959716
1162074937
-730980457
-1688338751
737307489
-1216434840
489364417
-1213181887
-1309215681
464874828
-1619232432
-1276302706
-1321537964
-1447558089
-1819623891
1213199642
1683615735
-615393784
-245135897
1442504647
1213586015
1468191936
1145950133
61059738
649527621
-386025131
1090955451
621896878
-1131108154
68187590
581416588
325561962
-1743979122
-723962769
-1911724561
1650264822
-1266554061
-906266466
-1129659930
524999914
-1016957730
1731081317
-1038797077
-103896504
832468016
1194649521
863159932
-2052152404
1130160738
1399004315
1637445338
-769463615
-563408978
-1461005059
-833172724
-1362605065
1113418989
-1892958904
-415027414
-375890062
1371589505
2135046293
1022608599
-1769061051
-1404749964
426940921
143879182
2019455199
-1933979679
570302236
-2078120926
219887557
-1455210094
833912844
1327038719
-1459153023
-1632843798
-1200740274
1110044853
-1200560423
1129175045
-1647809226
-442182345
1988453956
-1996695011
675173752
1858221663
-1782258791
-366373585
-1588738562
892211252
-427629303
851456221
1208100859
-71925393
-1816064177
1679815061
-1220879297
-245866948
638958373
2055148275
-1282076723
-1019499715
-496898567
-1681431452
-213531222
-2133965613
102869472
982354955
-1985336841
21706399
-1067661109
-1518398489
773947970
1105299270
-202516744
1656857908
723865368
764771444
-516448086
1233131026
-993430818
136551203
-776378597
545795428
-837324320
1809639453
41742513
1504067834
-1068163158
1407724735
39381104
1822036466
1467501974
-255048705
-373997392
475171675
-1324462426
820229039
-1842967281
1003767578
2012701843
-1449519614
-804223064
537459985
1690528293
1566054223
-1496369788
-17547139
2038320837
755698709
870932048
-575918177
-443533488
1468097342
1187400528
322632094
-2076288979
2091219111
596378003
-1451729237
-610870111
859081696
409627496
1144557158
1667460961
1697111856
1475028240
-1793062785
-2124203928
-1511898405
-266018636
-2059246688
-87661557
1570017446
-517171815
262938250
-671971511
-1955603558
-468849007
-1755979906
-1338477209
-1671145464
-1170756684
1107412445
-1399235908
1117274061
585100112
1718202898
71446729
-1162725673
1404014109
1630513071
1346494348
-1547242521
-79484235
-2022724138
2003804181
-1519242856
167986242
1910821338
-1799588775
27208607
1471985784
1720266789
-1568421819
-855298989
-2055366458
1119037275
-1038315498
-1767838097
1925833415
1664096703
422410215
2075907863
914279422
-1258331947
-1151600501
-6403048
-1376611134
1314281289
1209492892
-65361292
2068452983
-960455409
1992181972
-420306660
1172078846
2092825034
7184027
-1074727937
-2146370706
829522290
1135527904
-793908413
346627075
-435429584
-869120725
160756433
-1792644266
-590026100
353537779
203828759
-1289197874
-1755911479
2012978988
-1328086008
-1971079594
-697291633
742981668
731965287
279611728
372624842
2012574863
2105401157
-1693888824
-119741486
240422112
117871560
142228716
797794252
-281035303
962454317
-1792713796
-262908593
-1578775451
986858255
-1823865091
329353033
704946853
207450600
969546610
-736731356
-1304239544
1219443928
-232897714
-1893027292
1272956959
-319267419
1037964772
512620818
-666553105
-76106493
-1753350496
-1485709794
-848236663
-267098860
-175104198
1750418689
-135826408
1954517041
-1561026265
-575327902
624157881
188268522
1949903443
-327471238
371060561
1416771659
2049861901
-464051462
-1594377063
1819982689
-692720829
-2035507157
1207123069
-971865860
1782166766
-1634061481
110060454
-474913099
-2124265009
-1910293913
-517788075
-843998158
1119297115
-638896947
194346098
-121483352
1444979699
-1434735197
-710010140
607788705
-1946000297
1308369940
358452771
857296638
1243013212
-2116708870
1998483978
285742143
1352541661
389124296
-76774671
-962763518
1309364463
-371266390
1400546299
704586953
1902931032
220501482
-1206749525
1387570688
797664576
397215893
18700221
-1651455939
595461672
221995614
201315635
-1607911735
-196727524
612708033
267252141
-1364948130
-2055032540
-1885712021
451922173
1392597298
876915455
536261336
766732795
1452565556
841225491
-1561357506
-255723115
1436321940
585758366
-773281879
-931433687
-1783687543
1406504498
-1176803993
-1348625898
1520936526
1239756639
1098719141
525332624
-688740244
98748337
-1963533479
-520632397
867841599
1954496220
267124067
-1095451430
-269424974
-1111022027
-1564789010
77019185
-491869364
-319919260
-1195944932
-609763191
-1307575952
253231704
751554786
32454763
1007141856
-124142982
-757376977
-585279377
-1231484798
1535882021
-396062381
-1855194419
-1460341145
1937122132
-2133074017
-1456272332
189198344
-404264804
837744712
210384346
398978514
-2048421539
1473344144
-124611372
-1454963484
1574819380
-1979730393
1423184551
1911363094
-1278232909
668462029
129970974
752740669
-97997484
138335292
-1424135331
-21415764
-290148695
981510469
2068272694
404910334
-2056853544
-1224970951
1637439930
-224515821
-399937465
-836088694
823431699
125867607
-1115037038
-361499216
1285756305
177766730
-1662906171
-815789232
106161666
-1560904133
81479623
1157633179
-1219222715
2078830166
-199371244
329420788
1320178465
-1019376415
48613806
1069616085
1782698578
-1335391038
1515264341
-1556321805
-690371867
911313476
1657449717
-1116229473
66849733
1074648346
1899559263
-234615186
-778945132
-888678749
30286651
1670837276
2082959551
1484232815
1254284605
1093494957
-71601972
-811028735
-1339787881
869137364
726452469
1266584790
661767854
-963839336
-1726052870
-71532122
491388688
646761013
448250163
1312287209
1546351780
-1611756224
-1461171996
-780184932
-1469057246
1430615821
-1325467180
-1981180604
-694725179
190935380
-703357408
-542363598
-1798828993
-1720977390
152003916
-2134352119
-1300673811
-677621844
893143450
-258820227
-1866936756
1668708698
1658123935
1888570973
1974614442
-2116384318
-694942446
531146962
-1773868768
-211794461
635084775
-850395672
-741314881
13969972
-1879841125
50957390
-366006520
175194124
-545546031
652478553
1297731745
-826710716
675551006
-1835637170
1722118982
-1538528742
2139104544
-870873888
-1707482627
1581164888
984864981
984054775
1299985549
1132723892
-683723991
1180210098
-1845652432
-918667398
-1115955760
-1803409489
-1790634105
-465594008
144697942
1499986569
801565133
829324248
354741875
-1828405854
63582543
-1247482076
596906403
-1970351839
1663199515
-31228347
42786806
-1908768706
1874338295
1360434877
-1444547036
1395473852
-1708630379
-600341833
-2027693340
2093589687
847314692
1149264235
309565821
179585439
1418981224
662487495
270266780
-697473148
717360621
1798751051
-1372508056
1146918291
-1699087368
794485044
-695925036
250491104
-1363784033
-1087714340
-2104692429
-718498203
-427175333
-1703283616
1737425937
1430899018
1971312124
41201283
-972148161
-148946586
-402542372
127732945
-1251188689
1191026181
-850266025
-545858809
-1387669374
108937451
-1849616262
-334603599
-426838561
-1817897575
1808155641
-467950059
528881158
650184910
94564198
-1707156145
1446586916
559805520
-991540320
183468477
-1146652568
-1266482453
1284076424
1299948444
-560110891
514117818
481575163
1528415731
1329678170
-899495004
1069939963
299539631
-1845113569
-1835296727
1983668015
-2039084785
-2099039455
1188855390
-1379495795
1640036418
2109633536
1760305973
444147029
1397753933
134107927
-1317989886
-1896660416
1554323250
-289691955
-1430726086
-1332453127
226762830
100365354
363644285
317024204
-1930556414
-180965459
-1840420395
-934344548
822498709
-581126309
1792973888
1768069914
1293069145
-1850025445
1803650923
1184491060
-32379637
-1727758271
1737681600
1841663178
-27644801
190630247
-1090533982
1537806759
-1383885700
-1896107133
-1339886857
-960584018
1843419620
1813389110
451049702
-1995687085
-1977607400
-1018083998
669749473
-1617527219
-155233894
92238334
-413619227
-980040055
1237957107
-1729292244
-855836928
-614721695
713086422
761435019
440738836
-65358835
-1612321659
1030761162
-296387879
-2052524455
188296563
383723389
1225356839
-111846248
678811946
108795699
-1124503179
1340408536
753767534
-904164921
-1947260260
1551170390
2040744354
-1476665098
813308897
489962036
1713912939
-1044642510
-488574415
1159989353
1606693778
-1001909323
-138566738
-92786184
299621678
-1566942760
1332079210
1225745252
102158594
-666881628
-1223022735
1661954658
1190712611
-680029271
-1542393331
-1304932912
347621598
-290229746
622188356
1581019365
-732571176
-1750978327
500567461
647706026
-1701320843
-676147248
-1352785597
-731983191
1104033917
80386224
938990594
-1594535965
-261560579
-643405860
835186193
1986518790
-1850235285
-1719672471
-813753674
296944351
-1613445107
-213899336
-244650672
-1254802931
1155482
386852691
-1754383718
374415607
-1066386912
-827995139
2116678188
-1849999617
-2028969687
2126361347
321061959
-189074697
708088857
2003578584
1429888977
-2111229229
-2098899494
1738354656
-929543010
1869550240
1400888506
-1103239541
528262640
1131497140
1759984275
795554470
544848193
376771879
-1361222869
-163105811
783797567
836659841
679195870
440324068
1983616279
1886258612
-484907142
1640055014
1829377014
-1365119156
1986299241
1912144510
782808268
-1236684828
1180586773
875998965
1243650642
730003932
-179156857
464757291
1201171278
-479544760
-1687682735
-1973717590
1376263957
-1323711189
-388053330
-425154057
-1212248495
-1958506268
771594215
412225835
27839492
390116583
-498019081
223071939
566725324
1018568624
306540401
-1703411533
490672744
-1297795083
-1597258335
-24091200
-768439942
985685275
2024442866
1058247951
1164154766
-308118806
818702479
-1969906952
-1147428006
-113269629
-1101454005
1719471903
-948686521
500165264
823499717
-80545851
694691376
466935998
546553799
119344731
-1368395160
-353532312
91122670
1981757784
755427585
-1405909356
-1084042096
-103133365
-375896245
-954727646
-1445739303
1135310643
1580642459
-597336254
-362739145
1037089294
-160882099
1265548582
-889212425
978098607
1661248523
-254991624
-2002387664
-43269932
-608552882
-946504946
-1016582433
-1670569865
-663432924
-588127396
-888039341
-1073869212
1813728564
-172228566
504858571
725694731
-1593392897
-1252178426
1048182109
-1137671017
-1245867928
-1877643526
1258310168
244786495
1384651893
1477873410
-1048707731
-1327330597
1048316247
2011790264
1118749898
1994256825
2028429479
-1803257007
-671211129
55946417
718607346
967405260
-243656443
-1948484490
-1476877449
-1430262937
1417560852
582912046
-1226379986
-55380139
1687607957
1339214661
-497129460
832658862
1441903712
1519717502
2025934725
1487588775
-575848345
-1677741494
-1341619374
1376991490
649328923
1312688221
-1147265164
496575943
601154830
1086638717
1526403192
-848107724
-1615851815
1374161052
-472700933
-684592655
-1558702273
-1595754455
760182128
1946861447
1358448018
-1246394718
865003296
-1225591533
769702485
-729300627
933328754
-2014396106
-682579934
-510761240
2024958572
-1677613745
2112927438
2116727998
458907513
130424300
1953363146
-785201284
609893228
586342013
-456656181
7085923
-1869861180
72062026
