Time in nano second: 18835950
-2147126317
-2146468604
-2146133407
-2145619126
-2145311936
-2145096209
-2145053126
-2143852338
-2143535348
-2142828792
-2141653223
-2141433608
-2140364843
-2139443320
-2138741159
-2137427522
-2137048551
-2136184762
-2136134858
-2132256705
-2131698855
-2131637316
-2131434849
-2131083697
-2130909957
-2130733658
-2130301007
-2130253153
-2130203686
-2127829784
-2127222228
-2125256549
-2124677818
-2123326353
-2122807518
-2121380974
-2120844185
-2119562489
-2118987010
-2118902075
-2117434878
-2116323891
-2115569123
-2113175987
-2111855955
-2111576134
-2111543960
-2111478379
-2110746498
-2110681115
-2110433830
-2110098834
-2105016463
-2103144114
-2102393381
-2099405830
-2098856210
-2098843367
-2098359721
-2097206179
-2096492879
-2096408920
-2095946691
-2095851600
-2095377181
-2095274905
-2094656385
-2094160333
-2093121761
-2091951768
-2091812561
-2091701626
-2090828588
-2090689434
-2089943431
-2089537403
-2089187229
-2086929518
-2086688882
-2086309542
-2082837770
-2082606091
-2081713823
-2081622723
-2081245541
-2079867569
-2079686272
-2078821066
-2076645461
-2074379733
-2074138136
-2072992672
-2072667908
-2071844796
-2071489060
-2071191619
-2070475775
-2070385839
-2067880209
-2065433598
-2065000265
-2064365222
-2064133293
-2062929806
-2061804357
-2061697033
-2061025913
-2060809336
-2060747491
-2059211525
-2058163292
-2057987330
-2056972290
-2054012127
-2053410748
-2053226418
-2053169669
-2051613263
-2051330873
-2049570553
-2046846188
-2046831696
-2046375773
-2045769320
-2045671274
-2044967847
-2042520666
-2041603055
-2039930339
-2039072797
-2038299211
-2038095553
-2037355410
-2037253807
-2036915752
-2036774871
-2035251363
-2033670849
-2033603163
-2032723399
-2031405239
-2029227361
-2028907347
-2027340142
-2025921478
-2025306253
-2024962499
-2024325670
-2023312800
-2023021539
-2022557209
-2022291389
-2022248548
-2021030650
-2020753064
-2020245476
-2019694540
-2019504159
-2019152282
-2018943923
-2017625777
-2015249976
-2013567767
-2011599451
-2011479341
-2010899571
-2009881587
-2009189919
-2007666354
-2006178157
-2005213128
-2002877593
-1998837419
-1997663199
-1994898647
-1994297097
-1993137675
-1992803429
-1991554290
-1991348771
-1991249446
-1991023480
-1990866275
-1990790149
-1988313105
-1987924590
-1987735865
-1987513057
-1987322047
-1987110413
-1986889831
-1986637119
-1986543187
-1986235914
-1985997441
-1985953888
-1985916079
-1985401811
-1983627361
-1982999444
-1982602482
-1981923132
-1979257652
-1979204651
-1978071288
-1977583116
-1976663683
-1976390273
-1976124691
-1975717553
-1974720339
-1973696082
-1973213694
-1972853841
-1972021792
-1970196765
-1966498764
-1964928043
-1962752315
-1961891176
-1961882887
-1961167359
-1959748457
-1958520540
-1958417668
-1957922951
-1956322880
-1955975514
-1953809065
-1952670183
-1951440253
-1951281386
-1950708516
-1949471935
-1949171357
-1948078324
-1947931524
-1947245639
-1947098541
-1944921341
-1944494034
-1943476183
-1942716704
-1941556854
-1939026651
-1938309915
-1937969465
-1936856163
-1936822694
-1936818980
-1936134900
-1935702183
-1931810614
-1931550589
-1930387540
-1929870515
-1929087497
-1926638133
-1925857186
-1925464338
-1925452906
-1925436281
-1924570866
-1923719227
-1923176849
-1921838018
-1921754068
-1920670771
-1920183821
-1920038589
-1919558627
-1916198072
-1916037922
-1915991706
-1914515132
-1914255751
-1913862289
-1913699886
-1911481971
-1910848071
-1909853637
-1908525620
-1907914616
-1907806962
-1907786386
-1906909445
-1906459539
-1906107513
-1905117744
-1904580625
-1903608939
-1900781033
-1900616012
-1900179101
-1900148452
-1899336819
-1898807430
-1897889137
-1892156236
-1891668316
-1888449821
-1888432784
-1887432377
-1886208181
-1885837849
-1885240271
-1884432925
-1882083349
-1881233739
-1880161943
-1879905484
-1879423109
-1876702832
-1875620008
-1874956699
-1874782922
-1874002773
-1873796733
-1873055439
-1871201210
-1868064261
-1867029720
-1865858514
-1865849089
-1865826787
-1864919074
-1863981844
-1863820193
-1862021558
-1860664123
-1860140172
-1858530647
-1858236658
-1856105859
-1855998349
-1854206621
-1852486028
-1851410409
-1851255208
-1849823702
-1849543147
-1849458245
-1849261921
-1848344661
-1847677201
-1847004375
-1846537518
-1845246895
-1844831351
-1844026603
-1844025856
-1843949568
-1842550959
-1841671331
-1840203367
-1838282895
-1837202422
-1836379279
-1836038546
-1835107991
-1834644054
-1832796601
-1832662507
-1832205022
-1832060696
-1830587820
-1829767458
-1829080890
-1827434547
-1826175335
-1826049261
-1822866174
-1822662604
-1821756166
-1821148186
-1820995978
-1819580486
-1818948732
-1817291424
-1816349204
-1816075551
-1815521553
-1815458895
-1814866897
-1814199797
-1812864067
-1811933795
-1810483286
-1810464177
-1810362564
-1809892342
-1809614101
-1809031527
-1807681463
-1806827895
-1806406728
-1805734998
-1804881291
-1801811224
-1801251103
-1799296417
-1798761206
-1796441023
-1796403200
-1795726702
-1794269206
-1794198714
-1794050368
-1792121029
-1790636097
-1789821987
-1787951746
-1787922188
-1787601984
-1787139814
-1785101478
-1784519346
-1784480230
-1782560610
-1782218971
-1780389199
-1779456998
-1779015416
-1777893389
-1777185650
-1776678672
-1775511954
-1775428016
-1773055049
-1772495224
-1772418616
-1771660186
-1770862620
-1770328886
-1770162029
-1768088071
-1764816186
-1764481335
-1761779924
-1760388087
-1759255147
-1759091651
-1756189756
-1755293128
-1754822526
-1753652901
-1752937215
-1752618268
-1751874171
-1750878059
-1750824953
-1749900596
-1749314111
-1749257656
-1747137485
-1746107150
-1745796575
-1745780542
-1743756095
-1743117056
-1742906626
-1739794384
-1739176228
-1738999058
-1738957943
-1738906896
-1738502984
-1738083148
-1736093722
-1735955501
-1733853533
-1733266634
-1733099633
-1732753450
-1732090976
-1731817676
-1731236644
-1730037857
-1729841497
-1729356427
-1729292716
-1729246372
-1729237403
-1729013646
-1727250988
-1725826116
-1723487150
-1723325875
-1722055253
-1719042825
-1718226907
-1718160688
-1717619974
-1717341836
-1716334810
-1715954367
-1715194603
-1714538012
-1714536418
-1714394242
-1714062983
-1714044320
-1714020716
-1713868426
-1711800763
-1710890690
-1709981182
-1709480599
-1709081443
-1707248842
-1706570566
-1705928956
-1705331265
-1704775546
-1703442510
-1702927989
-1702765347
-1702107345
-1701982584
-1701461311
-1699758843
-1698813370
-1697460196
-1697381408
-1696835305
-1696818120
-1696233507
-1694811993
-1692148097
-1692027565
-1691909685
-1689586840
-1683651806
-1683635042
-1683093926
-1682498557
-1680690098
-1680448917
-1679716380
-1676898524
-1676761349
-1676329286
-1675138188
-1674821334
-1672376885
-1672342346
-1670589515
-1669788641
-1666991603
-1666691130
-1666270626
-1665910722
-1663985517
-1663799003
-1663614715
-1662519540
-1661664372
-1661334901
-1660678467
-1658586976
-1657133272
-1653546471
-1653028721
-1652886949
-1652093516
-1651355547
-1648181571
-1647245261
-1644379974
-1644376294
-1644221352
-1643609075
-1642756468
-1642560792
-1642362186
-1641185735
-1640892421
-1639926546
-1639554978
-1637688408
-1637190558
-1636331409
-1636014807
-1634732264
-1633981083
-1633706794
-1632069911
-1631116647
-1630226707
-1629235971
-1626807729
-1626500862
-1626389085
-1625303079
-1625283923
-1624834808
-1624489848
-1620944822
-1620900060
-1620517495
-1620284740
-1618376271
-1616746729
-1616646137
-1615003716
-1614937184
-1614375475
-1613157195
-1613040195
-1612917082
-1612863173
-1612538119
-1611974024
-1609403083
-1609100667
-1609043321
-1606897338
-1606869541
-1606386548
-1605441171
-1604186063
-1603771785
-1603740605
-1603676126
-1602655665
-1600715321
-1598906674
-1598724330
-1597767076
-1596923882
-1596469465
-1596389692
-1596202520
-1591764522
-1589713278
-1589609033
-1589001994
-1587670998
-1586571716
-1585556909
-1585023890
-1584913095
-1583944343
-1582969207
-1582858007
-1582494489
-1580875467
-1580759931
-1580630188
-1580254679
-1580184420
-1579360715
-1578754815
-1578458963
-1578300964
-1577428036
-1577427205
-1575326510
-1575278959
-1574888939
-1573225651
-1573082660
-1572828238
-1572199387
-1571484937
-1570827451
-1570308429
-1569943962
-1569636428
-1569473929
-1567969968
-1567828090
-1565927967
-1562990067
-1562886886
-1562532178
-1560038542
-1559864601
-1559072097
-1558367959
-1557369876
-1557246860
-1555762138
-1555519626
-1553173814
-1552096034
-1551352174
-1551120487
-1549179188
-1547999503
-1547763719
-1547240467
-1547194995
-1546470628
-1545802923
-1545506971
-1544307159
-1544158068
-1542762877
-1539722776
-1539048316
-1538760453
-1538290365
-1538072412
-1537170958
-1535010009
-1534784491
-1534383220
-1533338900
-1531569630
-1531364901
-1531166565
-1531094631
-1529848025
-1529421279
-1529048085
-1528484284
-1526671969
-1526158647
-1525665877
-1525059097
-1524212173
-1523336134
-1522630867
-1522306519
-1519344651
-1518685938
-1517894149
-1516623338
-1516390144
-1516360083
-1516236749
-1515529176
-1514437701
-1513763778
-1512072059
-1511328156
-1507421530
-1506856494
-1505803432
-1505237336
-1503572342
-1503556207
-1503489474
-1502716736
-1502003000
-1501138956
-1500077145
-1499373514
-1499369495
-1497484484
-1496972479
-1496253414
-1495363005
-1495310647
-1495071347
-1493372079
-1493006691
-1491184211
-1489967153
-1489868683
-1489535228
-1489515409
-1488703852
-1488232403
-1488214753
-1487681871
-1486121585
-1485869456
-1485860007
-1485306344
-1484654924
-1484526475
-1483173687
-1483008804
-1480762722
-1479936615
-1479218545
-1478500189
-1478480883
-1477378240
-1474725030
-1474334937
-1473579690
-1473514988
-1472772986
-1472354385
-1471832779
-1470688075
-1468951514
-1467565406
-1467240607
-1466491733
-1466344635
-1465965907
-1465823131
-1465786821
-1464472645
-1462799694
-1460529613
-1459730370
-1459714247
-1456577277
-1456407788
-1454600979
-1454309467
-1453446572
-1452696745
-1452361294
-1448361733
-1446052220
-1445661879
-1445244457
-1443818769
-1442973934
-1441438668
-1440633956
-1440044890
-1437953992
-1436952948
-1436303121
-1433749139
-1433615388
-1432712039
-1431167492
-1430199648
-1429500315
-1428744376
-1428016627
-1427173450
-1426971763
-1426096099
-1425872662
-1425834933
-1424593141
-1424369687
-1423219260
-1422621691
-1421884546
-1420972107
-1420077342
-1417623013
-1416037090
-1415832937
-1415656400
-1415079341
-1414540459
-1414130620
-1413951936
-1413350543
-1412830473
-1412475981
-1411968565
-1410308909
-1410236406
-1409661690
-1409419727
-1408038399
-1408021651
-1407987119
-1407918018
-1407825354
-1404892188
-1404752250
-1401872938
-1401259583
-1401232935
-1400628713
-1400228202
-1398734688
-1397233107
-1394586942
-1394447262
-1394161304
-1393637292
-1392378662
-1391210210
-1389862567
-1389083118
-1388302736
-1387555387
-1384168944
-1382845334
-1380298366
-1379781443
-1379656723
-1379006231
-1378952234
-1378544827
-1378199551
-1377873836
-1373615140
-1372829617
-1371808505
-1370191504
-1369310553
-1368396541
-1366939174
-1364790983
-1364751060
-1361623254
-1361293733
-1361031762
-1360816127
-1359959985
-1359774750
-1358328015
-1358097202
-1358046956
-1357447443
-1355197839
-1354873013
-1354631569
-1354265289
-1353044947
-1352596506
-1351307668
-1350939043
-1349559040
-1349369997
-1349247796
-1348800800
-1348095563
-1347788216
-1347713212
-1347438728
-1346355526
-1344958676
-1343874015
-1343409559
-1340382103
-1339965899
-1339605564
-1339063285
-1338298640
-1337060411
-1336850904
-1336715846
-1335333984
-1335076098
-1334632860
-1332687171
-1332133856
-1330704622
-1330450132
-1329656503
-1327479443
-1327155163
-1326851850
-1324736912
-1324088947
-1321301219
-1317176418
-1315298197
-1313930242
-1313829649
-1313629351
-1313415916
-1313410465
-1311995643
-1310646014
-1310094909
-1309571758
-1309205417
-1307323800
-1305643869
-1304712776
-1304359091
-1303504721
-1302812694
-1302231176
-1301874464
-1301870422
-1301760280
-1301556338
-1300241836
-1300092191
-1298715233
-1297162214
-1296589335
-1296519105
-1295377457
-1295375414
-1295316384
-1294855620
-1294721826
-1289573542
-1288424155
-1287812613
-1287664271
-1287418844
-1285305115
-1284719423
-1283998484
-1283701464
-1283248271
-1281553247
-1281140361
-1280369669
-1277871107
-1277853658
-1277317127
-1276187839
-1275841469
-1275261628
-1273121038
-1272486521
-1272081975
-1272058551
-1271501033
-1271451941
-1270202430
-1269399245
-1266678402
-1265690586
-1261351208
-1261183844
-1258959566
-1258831023
-1258801979
-1257096893
-1256946772
-1256752708
-1256740616
-1253330157
-1250853773
-1250395334
-1250095131
-1250022527
-1249197654
-1248990283
-1248810790
-1248738500
-1248607100
-1248425885
-1247292519
-1246429117
-1246258682
-1246217443
-1245988082
-1245500197
-1245124068
-1244485239
-1242959827
-1241328319
-1241102634
-1240185027
-1238501642
-1238398211
-1238059406
-1237328008
-1235134027
-1234625340
-1234419510
-1233511892
-1231471702
-1231147339
-1230885245
-1230798800
-1229623655
-1229355390
-1229221837
-1226866560
-1225896995
-1225883754
-1224844590
-1223764693
-1222877527
-1222388758
-1221263779
-1221179580
-1221170959
-1221053175
-1221047050
-1220805349
-1220179369
-1219965955
-1219593612
-1219443966
-1219253735
-1218015286
-1216019547
-1216004935
-1215805032
-1214571676
-1214325415
-1213028364
-1212740495
-1212173678
-1211787661
-1211311223
-1209120761
-1209026448
-1208620481
-1207413604
-1206805249
-1205910863
-1204238163
-1203846633
-1203364025
-1203070399
-1201095567
-1200776437
-1199364105
-1197808778
-1197274158
-1197165229
-1196968688
-1196424350
-1194438060
-1193954245
-1193105740
-1192938066
-1192314372
-1191900993
-1191024177
-1189947556
-1189372946
-1189127081
-1188617470
-1188328150
-1188267970
-1188086902
-1187268336
-1186724391
-1184014637
-1181225755
-1179468810
-1178196234
-1176670512
-1176141762
-1175998088
-1174251568
-1172977259
-1171005597
-1170452172
-1167987842
-1167482068
-1165286879
-1164071801
-1163327392
-1162412291
-1162100619
-1162090147
-1160244634
-1159695077
-1159583551
-1157926120
-1156569946
-1155281534
-1152111454
-1152069195
-1151014767
-1150584937
-1149396786
-1148999704
-1148905915
-1148844709
-1148652762
-1148603599
-1147139271
-1146870743
-1146423020
-1145443931
-1144342212
-1143583042
-1142979458
-1142737966
-1141742418
-1141698721
-1141575813
-1140463851
-1140122647
-1139931206
-1137766885
-1136229285
-1134960393
-1134687239
-1134336789
-1134095722
-1133811327
-1133797481
-1131395331
-1131125186
-1130326501
-1130113956
-1130048588
-1129790067
-1129457946
-1129426221
-1129368198
-1128749115
-1128308281
-1125125952
-1123833464
-1123778232
-1123713778
-1123550022
-1123123959
-1122555288
-1121721945
-1121032864
-1120616752
-1120233618
-1119829518
-1119205755
-1116624854
-1115893131
-1115762414
-1115252243
-1112493880
-1111365404
-1110341984
-1108863809
-1107892669
-1107763042
-1107237285
-1107161652
-1106485632
-1106377943
-1105592480
-1105476163
-1097847077
-1097384416
-1095422427
-1095090424
-1095074374
-1092592716
-1092208923
-1088743286
-1086795050
-1086547622
-1085850650
-1085839269
-1085624924
-1085484613
-1085073382
-1084631400
-1084448406
-1082908895
-1082852084
-1082377132
-1081667912
-1079679636
-1079013625
-1077162313
-1076605611
-1076152114
-1075974404
-1075876112
-1075692839
-1075146492
-1075039208
-1074821858
-1074713293
-1074149565
-1073497747
-1073357866
-1071345772
-1070715844
-1067621816
-1066901805
-1066675191
-1065915629
-1065612485
-1065243459
-1065181052
-1064733910
-1063759402
-1063563980
-1063406455
-1062038779
-1061637795
-1060953643
-1060495176
-1060262164
-1060208922
-1058481302
-1058135164
-1057708621
-1056506689
-1056257165
-1055575465
-1055294117
-1053961731
-1053807367
-1051921541
-1050014796
-1047756783
-1046350720
-1045229805
-1044237927
-1042407181
-1042251597
-1040426569
-1038975845
-1038071976
-1037732192
-1037098882
-1036163615
-1035953292
-1035798877
-1034954513
-1034646480
-1034483461
-1033596052
-1032684082
-1031840854
-1031030194
-1029857812
-1027504493
-1026612584
-1025989743
-1024309553
-1022640585
-1022034807
-1021711149
-1021259302
-1020609636
-1020286561
-1020128806
-1018298357
-1016719563
-1015587936
-1014675329
-1014657881
-1014341839
-1013685296
-1009992959
-1008714959
-1008611453
-1008032307
-1007230870
-1007155874
-1006719455
-1006552456
-1005838980
-1004643168
-1003753073
-1002355070
-1002340889
-1001714716
-1000089236
-995156306
-993964714
-992540889
-991778011
-991425173
-990873054
-989982310
-989147339
-988490446
-988331566
-987563574
-985928321
-985761268
-985632829
-985575049
-984719814
-984379713
-984172541
-984086080
-983688620
-981520518
-979286259
-977525255
-977517116
-977063151
-975705683
-974107179
-973091672
-972586745
-972368127
-972046425
-971636916
-969976039
-969380383
-968471326
-968080479
-967324943
-967282147
-967221644
-967162011
-965539085
-963077095
-962436173
-961321509
-961272675
-961077895
-960124793
-959350301
-958834658
-958694573
-958334362
-958165220
-957643770
-957620939
-957128663
-957105039
-956646472
-956219716
-955437834
-953479241
-953178678
-952730082
-952004229
-950490744
-949350238
-947003008
-946520080
-945891809
-943811245
-943521785
-942088706
-941003728
-940796325
-939597847
-938790174
-936072785
-934478550
-929556980
-928845162
-927533560
-925188277
-924776097
-924061370
-923288556
-921340310
-920956472
-920727080
-920557993
-919871437
-918164252
-918130193
-917067037
-916720140
-916546529
-916394590
-915688807
-914739031
-913593928
-913428763
-910259468
-910233056
-908075925
-907928031
-907692170
-906938074
-903978199
-903806325
-901053649
-898602117
-896711257
-896497685
-895372099
-894645585
-894396376
-893353594
-893302785
-891723951
-888904014
-888521838
-888415100
-888211241
-887669632
-887015044
-886885223
-886097629
-884839340
-884272381
-882947187
-882593541
-882420337
-882397395
-881648933
-881476590
-879258025
-877133278
-877003224
-876247632
-875937714
-875734756
-874044591
-873577474
-872465769
-872159884
-870714507
-869840250
-868502986
-864843689
-863935199
-863405621
-861991006
-861541071
-859994025
-859973615
-857190864
-856366526
-855934584
-855266004
-854993265
-853894218
-853134747
-852929285
-850970622
-848647929
-848303512
-848265719
-847868117
-847626739
-845527983
-845416887
-844622495
-844592299
-843744936
-842708959
-842445744
-842396828
-841750933
-841395945
-840577367
-839553775
-838125209
-836665275
-836536784
-836457064
-836146680
-835379535
-834425208
-831566319
-831337160
-830914783
-830543221
-830506291
-828651480
-827965269
-826359008
-826132708
-825610133
-823768754
-823349653
-822519051
-822326026
-822025516
-820964670
-820766681
-820512342
-820125885
-818208302
-817480722
-816409386
-816065306
-815921922
-815163657
-814727301
-814587535
-812805279
-812793617
-812601537
-810218891
-810049319
-809771233
-808445179
-808401285
-806333135
-805228869
-805166363
-804927677
-804437368
-804065596
-802386357
-802049241
-801323019
-800361520
-799937653
-797184542
-796115467
-795116953
-794705479
-793715497
-793045682
-792744819
-791974887
-791845023
-790946639
-790387063
-789197459
-787364354
-786807355
-786588461
-784341087
-782149146
-781367309
-780684554
-780636319
-779507404
-779045858
-778937935
-778827501
-777938183
-776934976
-776317138
-774959262
-774167701
-773923572
-773685058
-773464162
-773236642
-770528162
-770494021
-769890985
-769175515
-768413298
-768226337
-768034537
-766924686
-765301852
-765078338
-763761944
-763572830
-762503883
-761659341
-761503900
-760162122
-759782993
-759360513
-758529122
-758250289
-757687966
-756305954
-756065300
-755491652
-751388462
-749431414
-749216810
-749124276
-748648718
-746463220
-745893373
-745357297
-744448309
-743685809
-743657065
-743322053
-742122980
-740890392
-740301429
-739779678
-738611149
-738513504
-738193560
-737154680
-736937669
-736622439
-736361975
-733876908
-732099832
-731558428
-730752709
-729974926
-729432638
-729163678
-726506352
-724316986
-723174215
-722270026
-720639774
-719556283
-719188189
-718504986
-718132849
-717675789
-717127470
-717084698
-716012101
-715363584
-714774528
-712023689
-711220551
-710979516
-710096454
-710092845
-708987680
-707652854
-705354041
-704829902
-704716372
-704364436
-702387076
-698419520
-697114937
-696966579
-695829661
-694217343
-693387349
-693332250
-692006507
-691943901
-691083503
-690640715
-690338068
-689269087
-688317850
-684559121
-684003883
-682127982
-681970646
-680081427
-679730962
-677219068
-675971587
-674005346
-673774029
-673695475
-673604574
-672915764
-672826949
-672678291
-671880774
-670882632
-669236484
-668667899
-668556985
-667469983
-667299885
-667099881
-667079279
-666551012
-665821306
-665298519
-663637403
-663630978
-662898615
-662244613
-661476797
-661278997
-659957204
-658735433
-657172987
-657047229
-656050817
-655690425
-655599727
-654858860
-654085850
-653958076
-653489341
-653208197
-651026043
-650162531
-650088919
-649959305
-648680391
-644827147
-644509714
-643848376
-643257593
-643181423
-642725448
-642307035
-641909177
-640859168
-639838007
-639372156
-639100046
-639016541
-638751202
-638728458
-638110654
-637047391
-636200708
-635693438
-630893162
-630350473
-630166554
-629960964
-629950393
-629907796
-629180366
-627018511
-626533386
-626105062
-626070153
-625968622
-625529352
-624970083
-624920535
-623974451
-623321541
-622698430
-621338957
-619931551
-618708416
-617338879
-614727565
-614064677
-613793327
-613319653
-612091477
-611738254
-611664446
-611366263
-611245606
-610911675
-609960135
-605640877
-605553687
-603845326
-603737262
-602682702
-599656438
-598850850
-598123667
-596133338
-596120932
-594863255
-594075513
-593611213
-592613142
-592238579
-590511711
-585882095
-585597347
-585097580
-583811199
-581976060
-581455754
-580947255
-580894748
-579334884
-578480046
-578159916
-576028597
-575468119
-575370760
-573341565
-573251287
-573155447
-572857180
-571879341
-568928689
-568827914
-568281203
-566727947
-564141512
-563739488
-563042507
-562259287
-562081806
-561738638
-560247137
-559998321
-559618176
-559418701
-558911696
-556969447
-556531896
-556011709
-554888731
-554817447
-554127416
-553733739
-552389302
-550666859
-549130036
-549013131
-547133613
-546140295
-545280230
-544879518
-544386063
-544037485
-543645187
-543235673
-542912344
-542747133
-541921181
-541156180
-540824798
-539434358
-537526500
-537019262
-536619985
-536038512
-535490779
-535030131
-534761673
-534708346
-534408036
-533761166
-533482026
-532716796
-532591641
-532064670
-531157218
-531057443
-530865964
-530828794
-528584860
-527399239
-525417468
-524630717
-523959030
-522498079
-522394580
-521401642
-521306373
-520468488
-520072848
-518790472
-518506476
-517527739
-517252566
-515293326
-515151630
-512215353
-511861111
-511164802
-510831522
-509185825
-508248077
-506762980
-506670710
-505958266
-504448821
-503952416
-503903340
-503463940
-502437539
-500171699
-498136586
-498105242
-495592959
-495311380
-494274125
-494226148
-493769063
-493739975
-493202295
-491409355
-489500246
-489216500
-487978073
-487634700
-487011061
-486956112
-486819313
-486616609
-484386237
-483017651
-482208006
-480425816
-480106908
-479301945
-478784070
-477534002
-477381942
-476084146
-475698863
-474720056
-474095984
-473426342
-472272276
-471376792
-470799431
-470276014
-468476000
-466686339
-466603605
-466041095
-463480677
-463160795
-462482719
-462014554
-461816825
-460086553
-460048784
-456727192
-456672199
-456464468
-455196834
-454941756
-453017075
-452771093
-450731926
-450708992
-450548296
-448523221
-447206277
-446633914
-446629513
-446432630
-446424784
-446040710
-444934859
-443660941
-443072824
-442257246
-440419447
-437328901
-436444146
-436420997
-433447266
-432131972
-431025944
-430473537
-428013294
-427901563
-426692774
-424762541
-424750343
-424108673
-423365494
-421640884
-418652838
-417844813
-416894295
-415962834
-415063062
-413690930
-413463323
-413173298
-412612806
-412325865
-412079368
-409488387
-408288728
-406394898
-406355260
-405529751
-404762136
-403834824
-403422033
-401403056
-400808520
-399917313
-396938354
-396552667
-396350810
-394994857
-394178355
-393876651
-393352574
-392773067
-389855305
-389570537
-388741590
-385680858
-382656480
-379600590
-377954309
-375010866
-373637573
-373607814
-372836721
-371347205
-370745326
-369503998
-366588879
-366032659
-365782569
-363375629
-362921696
-362810719
-362574762
-361101504
-359764184
-355018336
-354717921
-354047214
-353966195
-353411694
-352397955
-351767805
-351732871
-351293382
-348647408
-348214831
-347585009
-347407576
-347187232
-346863762
-346636322
-344490528
-343761636
-342914339
-341974834
-341964745
-340751606
-340577729
-338822409
-337438633
-331621199
-331042003
-330242849
-329883001
-329294183
-328931813
-327916529
-323850905
-322996338
-322432297
-322318399
-322102372
-321989947
-320794333
-318462258
-317190074
-316795777
-316305026
-316139980
-315787175
-315394172
-314893710
-313870335
-313689066
-312926280
-312272247
-312183344
-311879174
-309233134
-307913010
-306671702
-305375226
-304931636
-304642518
-304364357
-302322677
-301790403
-300580493
-299906797
-298614735
-297212578
-294377934
-293967754
-293538957
-293175361
-292346404
-291752272
-291740884
-290498662
-287927058
-287821429
-286865886
-284740135
-284031799
-284024289
-283960415
-281402703
-279596084
-279507169
-279328492
-278388762
-277911634
-277537362
-276597036
-276545823
-275002103
-274318557
-273077158
-269700953
-269494080
-268585419
-267627000
-267163818
-266931836
-265637051
-264979509
-262816307
-262563418
-262148931
-260864907
-260279738
-259279073
-259086122
-257888811
-257876226
-257506892
-256544285
-255211135
-254849076
-254541771
-254395157
-253298747
-252674594
-251393272
-250773464
-250531435
-249397709
-249301979
-248471276
-247644281
-247590429
-246307378
-243292219
-243079450
-242977891
-242790741
-242078728
-241768952
-240984881
-240978707
-239976690
-239295086
-238889829
-238849543
-237006027
-235862388
-234778663
-234707961
-234246027
-232356183
-231945958
-231870243
-230460071
-229815717
-227741552
-227202415
-227128193
-226926074
-225977904
-224765722
-224612715
-224224636
-222812760
-220794298
-219790998
-219372017
-219162819
-217758534
-206969532
-205972034
-205471519
-205346602
-204474359
-204331875
-204002092
-203020298
-201080885
-201022723
-200906756
-199366126
-197134448
-196570533
-196143594
-195754001
-194946555
-192996308
-192407722
-192092397
-192073817
-191847560
-191605207
-191544527
-190627171
-190559367
-190025368
-189975825
-189711958
-188119547
-187767360
-186653656
-186234194
-185972694
-185750000
-185483212
-183806172
-183070801
-182189705
-181925514
-181539560
-180111900
-179647831
-178659970
-177663166
-176484729
-175827749
-175102732
-173823162
-173637830
-173358754
-170560840
-170371550
-170053953
-169641852
-169335795
-169282310
-168608287
-167712119
-164317797
-163748749
-163658151
-163530928
-162154064
-160428072
-158919319
-157861285
-157362967
-156322053
-156281730
-155491760
-154379056
-154303941
-153408216
-153110981
-152605380
-151811884
-151298837
-151007936
-150918265
-150328352
-150136724
-149673088
-149636465
-149569878
-148619131
-147552006
-146705261
-145396001
-143227149
-141228793
-139207973
-137357308
-137098977
-136816503
-136130455
-135238438
-134935326
-133673343
-133272589
-132968941
-132563779
-130203840
-129293737
-128822284
-126509269
-126426149
-126006681
-125859653
-125719851
-125301665
-125250214
-124553184
-124299591
-124120511
-120992110
-120890808
-120517304
-120141182
-119881014
-118395726
-118112663
-116402513
-115528760
-113247293
-111792002
-111637168
-110086554
-109556909
-108898839
-107765114
-106898050
-106642803
-106390988
-106305390
-106006863
-105685872
-104998370
-104568228
-103900439
-103433910
-103402500
-103231371
-102805161
-102129525
-96996191
-96296118
-95894994
-95651751
-95300331
-94418763
-93620571
-92175468
-91622518
-91173583
-89535436
-89449434
-88294001
-86979055
-85925935
-85023075
-84582133
-83496135
-83408789
-83081053
-82365435
-81953393
-81824100
-80453462
-80349153
-77795568
-76234588
-76031501
-75021276
-74100020
-74042343
-72360879
-72133683
-72019847
-71974792
-71550795
-70219000
-69702897
-69452145
-68908154
-67371893
-65236062
-65084230
-61483582
-58953515
-57446062
-57265708
-56965518
-56804078
-56755428
-54874280
-53142579
-53055314
-52856573
-51024281
-50746768
-49704135
-49404367
-49391302
-47710129
-47325599
-47008808
-46827608
-46658774
-46062465
-45266198
-45134633
-44668135
-44450201
-44103705
-42575372
-42534519
-41700036
-40254110
-39866505
-39718951
-37871780
-36615404
-36464666
-36369503
-36012370
-35190155
-33991972
-33914869
-32899558
-32455832
-30607927
-30262556
-29996566
-29303298
-28259987
-27352057
-25834456
-23082164
-23066484
-22757109
-21119552
-21042791
-20378821
-19509694
-19245934
-18518640
-16499370
-16455515
-15313508
-14837128
-12564505
-11412686
-11378409
-11095413
-8537441
-7246817
-6294488
-4609930
-4604063
-4149120
-2317103
-1499148
-1027179
-618632
-191255
1024152
1157330
1251739
3039160
3353548
3719450
6421073
7990230
8285721
8505385
10410996
10674505
11616596
12434973
12490746
14171197
14706679
14865124
17934418
18050150
20830592
24651220
24827320
25206866
27287520
27302271
27616485
27769500
28236710
29500915
29540618
31327033
31726326
32611099
34461944
34617343
37648078
38149237
38168651
39385182
41409043
43295474
43592852
46144874
47070842
47277767
47413537
49335536
49748839
50658445
51478977
52034239
52190884
52484748
52656639
52769107
55528419
56380662
56550929
58207833
58521632
61056503
61231982
61775286
62582574
62618793
62954669
63677906
63764654
63919358
64579066
65299884
66788681
68418670
68670313
68689335
69396511
70953388
71206143
71386222
72333461
75207573
75423900
77094242
77165991
77330223
77349075
78142734
78701312
79105238
79913721
79967049
80012544
80181553
80928711
81132409
81847348
81986800
82095647
82304191
82321403
83641321
83811752
84774889
86297096
86342067
87743051
89540462
89647996
89700931
94871728
95097808
95213716
95627913
95914153
96090917
97704571
97870202
99719135
100259186
101660732
101691704
101932999
102814071
103144626
104129635
104841163
105747143
105946214
106387122
108832519
109656610
110193385
110251914
110767019
112286935
112693240
114525922
116578948
116758133
117101067
117841470
118469039
119630096
120351760
120913616
121436949
121738197
122153191
122972293
124037278
128303092
128747483
129057654
130072858
130804439
133648787
133949150
137026090
139204282
140277482
140292748
142578250
143496621
144341225
145449545
147076438
149711590
150081054
150310396
152343701
153087942
155650043
160039332
162499517
163875273
164062154
167619056
168373955
168691604
169715578
170971192
171843430
174783109
176193061
177048223
177383140
179079905
179223597
179468510
180279918
180839054
181213216
181589282
182479466
182775255
183257521
183807627
185014246
185023206
185229050
186960761
189084912
189374738
191339510
191674690
191918160
192392787
192560527
192842695
193897077
194505466
194512779
195626296
197176973
197203481
198061530
198614021
199508830
199620301
200059296
200758471
201253756
203865360
206685122
206787346
207065293
207786317
207849568
208162961
209263782
209918713
211799820
211951544
212300358
213550337
213565044
213751484
214978356
215577662
217969558
218475824
219035654
219930043
220235725
220629644
221707264
222709537
223122197
223469878
225393607
226006139
226922866
227387478
227599100
227696278
229578671
229966275
230376522
232088465
232442859
232555124
233078787
234088061
236588228
237624356
237853065
238646988
239173364
239339579
242266193
244821681
246571413
247160399
247534211
247760040
248796205
248887863
250336488
251704320
253108353
255098590
257100920
257142826
258918349
260050678
262151577
262267691
263885670
264567525
264644516
265580414
265586685
268195802
268350448
269652459
270152957
271995846
272753860
277052018
277972980
278625678
279072561
279442715
280326432
283580225
284236489
285383134
285822446
286035184
287795180
288448367
290711197
291284376
291366283
294530848
294781560
294814207
295574981
297478246
298248435
299098163
299269167
299491315
300550336
301123665
301727716
301980263
302908483
303745239
303990463
307076566
307444158
310177419
310960390
312379363
312433776
312883532
313670114
313778416
314376142
314536487
314806462
315126188
315162195
315553731
315973539
316596283
316919493
320525717
321422021
321784783
323312017
323721939
323914613
323969036
324340161
324810340
325805659
326271000
326289041
326314682
327587763
328090603
328105221
329173793
329538314
330102185
330526238
330805772
331745726
331850890
334213881
334924949
336412619
336639948
336730168
337602035
337644460
338400899
338420338
339178648
339552214
339913863
340021333
340184321
341032730
342325214
344034512
346771376
347626012
347738973
348497723
348562280
348603605
350374035
350940671
351136713
351155369
352160588
352870079
353143220
355733866
355840699
357724996
357789831
360312456
360588280
361187025
361464358
361810564
363690120
364973980
365086842
365664997
365916563
368610995
368896544
369937476
369999353
370204709
370941601
371135995
371630228
375634867
375767967
376718777
377668157
378065141
379351500
382373064
383212072
383435117
385553897
386701933
387231636
389223791
389712147
390194486
390232696
390503594
391298218
393983622
394610626
394885072
396387062
396458364
397775626
398194879
399168434
400614395
402318763
404183266
404952408
405328804
406365788
406826534
407593070
409199853
409425031
410106184
412981429
414006760
414143921
417831636
418065674
418205438
419187344
419426633
420316733
420687391
420728475
422061425
422117119
423806692
423965053
424015424
424448459
426772228
427278824
429210666
429483781
430403005
430577625
433604633
434219932
434403888
434507797
434656955
435006029
440080495
440555620
442694398
443377309
445071065
445099387
446887764
446980757
447499263
448747610
449165176
449570717
449813061
450192164
451095572
451720557
452678568
455429186
456747639
457117024
457699013
457850456
460490999
461357630
462297883
463021240
463042061
463734410
464521280
464526580
464717110
465034694
468244255
469625061
472009945
472282857
473796612
476154556
476155390
477981339
478909905
480213041
480316604
481066322
482128184
482957963
483039165
483630354
485901911
486174974
486227136
486504279
487375190
488628938
488769791
489268411
491849029
492849787
493447209
495821089
498612154
498928849
500477471
500742699
501046896
501303776
502210209
502419496
503223422
504612923
504932732
505420429
505849026
506062816
506138889
506732012
506806377
507523875
507941245
508177499
508703502
509046573
510012460
510816951
514367000
514500097
515147599
516285866
516572583
517963007
518017253
518686093
518964271
519197877
519634677
520806766
522045845
522202866
522633590
522757301
523242372
523593710
526431952
526644129
527547709
528519823
529462307
530507470
531039134
531133711
531237773
531341478
531966425
532258757
533542194
534329381
535556320
535676758
536303235
536397366
536479266
538156212
538695481
542129834
543043124
543615258
543818478
544133114
545488774
546657745
547836410
548744405
548947973
550554951
550627436
551514533
551828311
553131428
554028115
554598224
555903185
556802220
559312815
559971109
561208993
563213718
563333546
564280618
564366257
564911444
564967809
565165332
565538891
565786386
565850077
566617822
570570570
571644337
573375950
575557805
576129722
576536444
577506227
577776902
579089673
580350721
581253451
582316473
582747705
582747805
582779566
584457087
585103390
585209057
585783560
586035454
586830764
586967963
587161245
587374734
587745267
587926614
588301683
589296167
589717437
590349538
590450461
591444369
591536511
592370663
592590233
592928350
593128293
593249661
595057256
596319876
596351449
596797996
597160574
599192373
600793164
600916717
601245800
601741074
603284838
606080463
606162874
606280450
608974147
609148851
610819480
611291637
611512148
612246401
612950752
612987971
613368092
614899541
617712162
617784938
618057777
619308086
619828946
620874750
620989849
621200900
622090017
622235798
622247159
624380074
626474561
626914379
628158699
629344780
630279211
630697823
631273822
632432505
633359979
635020127
635147383
638718211
639105775
641304194
641790511
642248381
644573097
646223846
646829030
649321658
649940423
651495050
652184138
652836274
653784055
653789664
654496603
656095537
656324099
656328493
657120654
657773919
658111463
658773198
661725676
662815100
663974909
664235040
669908981
672824914
673841873
674411866
674421619
674561218
674983578
675127814
675151699
677252526
677478845
678208536
680570783
680642700
680930741
684190500
684777282
686878878
687365363
688609559
690016440
690868584
691979924
693186694
696934942
697523159
698291792
698812450
699099387
699479694
699674949
700472425
701501030
703526478
704985992
706001868
708197011
708365597
708670338
709880604
710236266
711231705
711525150
711664026
711794014
712119018
712573477
714159968
714535133
714654837
716184838
717310087
717311288
718524803
718719643
719090381
719769693
720141052
720417069
721401759
721447911
721838446
722506672
722517768
722815276
723047707
725065337
725580971
726063111
726870264
727059830
727198067
727347203
727752224
728057969
729066071
729521813
729687069
731842044
732483088
732946943
733237803
733809935
733930755
734136643
735450671
737091585
739931316
740891150
741448028
741705964
742361697
742850058
744377544
745407510
746254876
746728489
748521455
750525105
752237432
752569068
753290600
753575413
754571083
755006904
755533352
757132645
758336641
758485257
758843778
758975154
763202950
763894519
764555567
765581133
766080278
767538110
768671131
768817242
769347173
770169379
772890353
773818203
775334048
776045659
776212574
776366397
778459722
779309861
779338504
780477443
780985668
782331187
783231002
784700395
786077022
786254608
786687984
786727716
787113735
787565485
788554334
791312592
793516856
794063966
794523234
794722950
795006011
795344700
796435881
797120949
798777977
800417210
800809407
801207347
802554006
802612029
803150230
805608851
805876528
806026417
806110041
806148398
806651208
807343121
807952591
808116629
809216711
810311129
810435150
811434935
811622934
811780464
812130576
815219490
815419434
815965646
817496968
819313367
820458771
820467507
820589322
821753502
822292621
822445463
823678068
823931660
825981789
826088399
828055941
829464640
829507465
829511398
829812544
830210185
830388455
832918691
833296840
834113925
834205080
835950303
837243166
837933695
839522357
840574848
841010520
843084698
843407290
843559842
843719729
844439333
847502934
847778173
848340172
848690083
848768487
848858212
850220082
850611002
851201948
851498292
852119119
853601363
855753595
856683754
857498239
857823323
862219430
862533984
863437662
863961607
864404833
864577512
865200453
866584884
866624280
867838275
870141752
871854642
871911892
871979675
872130515
872342731
873362033
874360418
874582116
875404691
879473824
884291911
884312449
884737167
885179808
885433118
885585631
886409371
886433185
887651912
888062018
890385553
890535606
891380543
893237133
893811558
894083200
895412260
895531254
897648697
899402649
900291703
900595419
902264513
902890587
903041463
903508594
904068226
906637944
907599145
907641794
908869985
909075765
910054045
910238569
910934760
913626088
914076432
914715527
914718593
916357310
917383714
918025488
920327157
921638722
922680848
922859491
927564160
927582692
927983708
928447230
929493422
929735040
931039505
931354771
931774610
932980755
933018293
933990789
935404836
939640927
939766700
939802521
941356701
941946655
942831508
942984853
943292653
943365793
944539201
945048431
945453427
945504656
947338831
947396980
948020486
948595317
949093790
949332688
950810635
951026538
951196901
953912344
954427484
954707903
954863065
955521174
956162806
956375937
957522956
957539423
958050820
958362301
958676484
960365549
962367020
964295638
964503680
964921915
965479760
967022588
967551037
968129426
968276306
968528826
968698545
968979905
969084931
969834052
970510742
971128133
971500552
972836040
973394960
974403177
977059789
977190018
977784257
979515520
981272376
981645813
984839603
986510501
986815259
988963300
989455768
990454729
990836686
991338334
992559426
992570583
992613421
993791173
995978916
996780208
997048652
997581500
998580724
1000812756
1001065315
1002474780
1003100528
1004566951
1005073600
1006284262
1006595930
1006630180
1008068210
1008346639
1009778180
1010267581
1012422847
1013190182
1014647645
1014981887
1015080941
1015991864
1016099900
1016514940
1017004712
1017327366
1017332105
1018358487
1020256796
1020578520
1023373572
1024185064
1024224636
1024267609
1024677820
1024842092
1025893081
1026065356
1026471962
1027593969
1028454283
1029359524
1029765216
1030008549
1030632218
1030738438
1033148270
1033380699
1033882850
1034693647
1035658676
1036240325
1036427488
1038416631
1039087932
1042026396
1042824590
1043339021
1043748331
1044008799
1044212591
1044873139
1046012252
1046806888
1049188364
1050361923
1052401730
1053149651
1054049018
1054746640
1055228232
1055564787
1056759216
1058502638
1058595259
1059138195
1059295965
1059402679
1059715331
1060985895
1061132419
1061310800
1061393347
1061464184
1062019992
1062044018
1066215756
1066279713
1066951856
1067429045
1069011811
1070392226
1072206003
1073286683
1075757972
1076624209
1076857754
1077698319
1078077526
1078352201
1078718276
1079219487
1079732888
1080141518
1081519559
1081823067
1083538856
1083624614
1085293017
1085789925
1085859951
1086131331
1086567931
1086931747
1087709422
1087769975
1087909804
1088285346
1089619752
1090549899
1091065551
1092744797
1093226865
1093252923
1094976393
1095187261
1095417661
1095810463
1096177822
1096877391
1097005556
1098144284
1099383832
1103969544
1104614468
1105806629
1106800478
1108155054
1108185096
1110569263
1110592887
1110848861
1111284254
1111786353
1112092294
1112881168
1115674954
1116238497
1117888719
1118069622
1119648564
1119648917
1119754923
1120293524
1120398478
1123026854
1123309626
1125090926
1126675708
1127861816
1129021698
1129088261
1129580055
1129942734
1130326702
1131629387
1131892081
1132965221
1133320763
1135366634
1136212816
1137015417
1137815620
1137959579
1138977566
1140123619
1140816254
1141908870
1142011867
1142507704
1142991507
1144099786
1145174176
1147454480
1148011096
1148400694
1148522804
1149249378
1150468213
1151635245
1151734397
1153349853
1153969861
1155930001
1157979503
1158694947
1159351506
1159724992
1159938553
1160945018
1161093788
1161366428
1162142398
1162366976
1163046279
1164219376
1165587501
1166148634
1166506294
1167549173
1168400255
1170593730
1170765119
1171395910
1171486309
1171688836
1172231549
1172361446
1173124816
1174823368
1175428882
1176550305
1177874660
1177942938
1178345775
1179893632
1181279627
1183109779
1184869449
1186807317
1187103479
1187497452
1189354187
1190682226
1190823942
1191407939
1192928750
1193665180
1194299932
1196025958
1196609602
1196824685
1197497013
1198573716
1199248111
1199379610
1199388283
1200753836
1203078696
1203864752
1204237419
1204560770
1209638732
1209657341
1209809450
1210139005
1210784679
1210871328
1211512207
1211896143
1212370380
1213193257
1214395412
1214499367
1215793068
1216047597
1217371352
1218036828
1218150009
1218539623
1218870950
1219923488
1221376988
1222063378
1222785200
1222869673
1223074408
1223248593
1225389783
1225854230
1227402571
1227782708
1228601751
1229740964
1229832351
1230385414
1231124482
1231607550
1231900682
1232356016
1232931713
1234722731
1235034916
1235173372
1235415742
1237871631
1238039984
1238344787
1239008622
1240061137
1240065046
1241233505
1241257379
1241493980
1241851079
1241990265
1242150265
1242455120
1243511004
1243532059
1244229308
1244525549
1245340434
1246061397
1246927705
1247420904
1247454702
1249045232
1250876732
1251188357
1252134341
1252667946
1253599235
1254895615
1255016713
1255368234
1255540258
1259606376
1259742711
1260515679
1260626507
1261581287
1261937202
1262142846
1262813441
1263462256
1263799180
1264949761
1265902229
1266455418
1266857486
1268164780
1268327968
1268526694
1269641407
1269664420
1269805089
1270301438
1271740086
1272420404
1272550530
1273206403
1274200382
1275288467
1277627028
1278951625
1279001138
1279384186
1279706354
1279797914
1280583897
1281559883
1282690375
1283137452
1283461735
1283695920
1284412742
1285624460
1289042457
1289777358
1290604627
1293318235
1293357101
1293695881
1294269703
1295300009
1296942599
1297449452
1297806210
1299266697
1300191400
1300241186
1300672048
1301533021
1301571910
1301704879
1302412558
1303445741
1303692500
1305292043
1305712077
1307119974
1307707379
1307987765
1308338340
1309642896
1309723827
1310250335
1310823046
1312059157
1312199431
1312588049
1312748785
1313796263
1314476669
1316346603
1316984178
1317464333
1319097674
1319195524
1319672956
1320854778
1321500165
1322534982
1323817814
1324622816
1325134808
1325375288
1325958128
1328983345
1330573159
1331135775
1332304731
1334413954
1336806102
1336860725
1337533343
1337700367
1340084535
1340979771
1341626890
1342551632
1343041933
1343306980
1343339885
1343627603
1346386023
1347433610
1347737298
1349795954
1352487900
1352581075
1352875034
1353286063
1353467358
1353481126
1354000047
1355104177
1355714673
1356060922
1356552819
1357677645
1358103257
1362305544
1364830675
1365729823
1367974619
1368597825
1369238963
1369275822
1369396483
1369992567
1370104592
1370224711
1370273252
1371159731
1371406272
1371773678
1371811987
1374689251
1375852890
1376530429
1377090381
1379606813
1381887152
1382678847
1384009751
1385246613
1385464892
1386540175
1388435268
1389819884
1390052927
1393667359
1395473599
1395563232
1397439772
1397449042
1397633528
1398389203
1398876218
1399704648
1400896244
1401229320
1402157365
1404902855
1404911410
1405414628
1406323453
1408198751
1408409965
1408420077
1408852450
1410692893
1411212778
1411982012
1412606896
1413526709
1413977353
1414592315
1415644136
1415648445
1419176490
1419371478
1419929288
1421167345
1421689019
1421870947
1423105292
1423134906
1423525360
1424968353
1426054805
1426553117
1427353503
1428520562
1428526943
1428544117
1429031521
1429415107
1430134962
1430384523
1432678791
1432708477
1434168112
1435126046
1435168093
1436267477
1437011942
1437075804
1439038073
1439883221
1441004436
1441794948
1442000822
1442343826
1442465961
1442751678
1443762440
1443811447
1443949848
1445002536
1445462150
1446966084
1447929277
1449314251
1449516736
1449639206
1449719332
1452349612
1454008435
1454851095
1456462794
1459380195
1460462707
1462323750
1463322857
1463739192
1463904982
1464830194
1465591657
1467128033
1467571970
1468139460
1470008401
1470045361
1470126246
1470841876
1470922773
1470999642
1472083660
1477230251
1479566450
1480251094
1481987305
1483142114
1483549380
1484144140
1484257214
1484843242
1486345825
1486881829
1489587060
1489652806
1491014712
1491677374
1493639696
1493716581
1494012448
1494798587
1495518245
1495613010
1496106686
1497411028
1498128932
1498325783
1498702777
1499364174
1499487095
1499597880
1500023006
1500119949
1501102808
1501931175
1503792930
1504509513
1504929360
1505332770
1505987844
1506381330
1506807638
1506984086
1508360181
1509285843
1510292428
1511279913
1511402779
1512345076
1512656988
1512906589
1514925816
1515109437
1515876834
1515987390
1516198085
1516702657
1517002070
1517120152
1517375962
1517550315
1517777734
1518344652
1518372308
1518833173
1519544949
1520006290
1521150277
1522939661
1523540108
1525197525
1525223521
1527149439
1528210621
1529120080
1529143108
1529698955
1530295302
1530358767
1530810245
1530852930
1531534820
1531668972
1534474387
1536404527
1536626964
1536831661
1537145593
1537635875
1539279031
1540030427
1540582934
1543601378
1546123980
1546357864
1547207499
1547615126
1549566759
1550219877
1550318484
1551661543
1552625980
1553017191
1553389735
1554350231
1557277035
1557345667
1558671684
1559950893
1560084161
1560485288
1560921434
1560968644
1561625543
1566911256
1567314479
1567519060
1567634457
1569888369
1570222980
1572260644
1572798326
1573194191
1573785236
1574715548
1575389839
1576945067
1577319917
1580368572
1581067824
1582243212
1582320712
1582542265
1583072772
1583547247
1584574781
1584987257
1586219556
1586977031
1587085345
1587514415
1588085167
1588806974
1589316230
1590057820
1590694758
1593375303
1594143050
1594492527
1594808641
1595561285
1597360795
1597520312
1597637796
1597855468
1597989190
1599736410
1600099116
1600302192
1600429506
1601454928
1602624974
1602808764
1602894328
1605222510
1605541618
1605834826
1606930027
1608587154
1608850908
1609555887
1610049893
1610713192
1611061008
1611322250
1612341650
1612436822
1613108510
1614403019
1614664308
1616525535
1616609853
1617723151
1618195026
1618846634
1618953204
1619806234
1621076837
1621338112
1621918485
1622108270
1622404416
1623334346
1624447724
1624588637
1626700960
1628192105
1629666435
1630193216
1630865541
1631757941
1632986177
1634656023
1635444210
1636218544
1637596390
1637812000
1638030904
1639282200
1640825068
1641075714
1642416323
1643852941
1644467904
1646441240
1647392783
1648132601
1648664568
1649746699
1650294248
1650607019
1651411936
1654509883
1655716570
1655938935
1657208130
1658379423
1658589529
1659003243
1659449356
1659757879
1659936080
1660218135
1661615783
1665142622
1667769114
1669227288
1671700927
1671718283
1672818071
1673378603
1673720969
1675230918
1675489717
1675903518
1675997027
1676488501
1678971507
1679079932
1679081845
1679979152
1680719235
1682117690
1683695538
1684205823
1684921553
1687146111
1687231356
1691788139
1691981727
1692012436
1692211049
1692699606
1692940778
1700086391
1705320516
1706826063
1707351402
1707766320
1709469255
1710954162
1711311083
1711861249
1712935280
1713566382
1715157774
1715552414
1717078977
1717157855
1718440060
1718539098
1718884606
1719178878
1719769811
1720707549
1722591422
1722700419
1724275219
1724606742
1725181554
1725675749
1726212665
1726255421
1727085350
1728150188
1729942622
1731008012
1732151435
1733314617
1734073023
1734198396
1734731242
1737170421
1737492623
1738488242
1739961074
1741309710
1742933852
1743021761
1743260130
1744173764
1744277233
1745792071
1746137397
1746180991
1746749373
1747367306
1747658097
1747844155
1748015692
1750012099
1752151691
1752488732
1752912125
1753533102
1753990567
1755741236
1755856005
1756520354
1756828858
1757936419
1758261006
1758711063
1758844074
1760048000
1760602302
1760982905
1763745189
1763985733
1765164131
1765242312
1766972911
1768879728
1769589131
1769958082
1770793161
1774560676
1776321868
1776573478
1776811039
1777312128
1777639099
1778097033
1778308770
1778592612
1780747676
1781245997
1781416141
1781901201
1781962893
1784284501
1786822880
1787353106
1787555924
1789801562
1789892088
1790206240
1793052032
1793700512
1793822109
1795540815
1796026034
1796622979
1796643745
1797524292
1797727129
1798057886
1799030080
1799812168
1800369458
1800677516
1800951991
1801156928
1803485012
1805167229
1806029994
1806719366
1808685326
1808745701
1810354971
1810837875
1811175069
1811471422
1811474075
1812519069
1812997775
1813207287
1813558179
1815012826
1815499484
1815612751
1815789889
1816360326
1817744490
1817980754
1818214511
1818616278
1819255920
1819853755
1819934646
1820112014
1821671609
1824084914
1824139423
1824336555
1825272432
1826089335
1827039842
1827067997
1828120214
1828162060
1828255420
1828360234
1830178341
1830492425
1830742885
1830780144
1831089656
1831225241
1831253281
1831303844
1831845527
1831997361
1833975247
1834626571
1834795706
1835750221
1837138771
1837776757
1840034859
1841026585
1842031890
1843852285
1845102863
1845245906
1846765847
1847104991
1847764497
1849085091
1849126965
1851420292
1852969536
1853537421
1853652555
1854559736
1854793741
1855527034
1855591137
1856515162
1856555815
1857302549
1858761754
1860384971
1861970628
1862674686
1863051728
1863071589
1863703382
1864320728
1866026037
1866465409
1869006688
1869237493
1870793096
1871241454
1871673111
1872912344
1874202671
1874914981
1876414166
1876887888
1876937777
1876959548
1877971168
1878783108
1879655098
1881483103
1882874652
1882986123
1883765133
1884756833
1891249350
1891404989
1891602157
1892036416
1892347476
1892376908
1895035934
1895636003
1895926935
1897059254
1897321161
1898056470
1898076384
1898629204
1898800018
1898863235
1898891102
1898929249
1899697965
1901126251
1904453312
1909684592
1910154638
1910729104
1910793789
1913350616
1914130598
1914160688
1915848371
1916397489
1917034327
1917182948
1918508528
1919138310
1921048168
1921365980
1922009054
1922075178
1923263247
1924340227
1925914730
1926440801
1927930997
1928543461
1929061570
1929683102
1930381163
1930585216
1930822734
1931050382
1931882306
1932168949
1934974953
1935232929
1935258509
1936152101
1938443686
1939158967
1940117173
1940240751
1940262498
1941454286
1941853445
1941872657
1943519593
1943559783
1944994177
1945563927
1948376324
1948413757
1950004828
1951102838
1951214791
1951707600
1953563671
1953670826
1953676080
1954016388
1954972041
1956090011
1957274449
1958331099
1959239985
1961733222
1961962722
1967458725
1968241286
1971395584
1972928852
1973152360
1973453873
1975651030
1976955964
1978300954
1978388877
1979811457
1980071254
1980204779
1980562156
1982235634
1982619573
1982726534
1983062935
1983433168
1983915578
1984403631
1984804525
1985576583
1988768359
1988845988
1988851883
1990236812
1990537608
1990856388
1991739996
1992437271
1993038154
1993215563
1993419379
1994450969
1995419486
1996020107
1997042501
2001529336
2002925649
2003207861
2003427136
2003485016
2004619303
2004727610
2006277105
2006670676
2006693031
2006740604
2007775300
2008780130
2009098379
2009282053
2009417012
2011098725
2011438108
2011849572
2011874625
2013795192
2014498646
2015084123
2016739908
2017126379
2017491979
2018044058
2019161464
2019590457
2020282570
2020918797
2020994543
2023371919
2024363451
2024414533
2025455138
2025831420
2026860583
2027428803
2027544075
2028023604
2028251978
2028575003
2028851729
2028951992
2029344390
2029496386
2031178325
2031365509
2031496122
2032185226
2032853570
2033487973
2033652836
2034012070
2035408243
2035582860
2038590220
2039317818
2040547491
2040670241
2042493610
2043314242
2045495555
2046125367
2046144477
2046465911
2048351624
2050533305
2050998263
2051028359
2051251533
2052171226
2052258938
2052433780
2053160975
2053332253
2054148550
2056736048
2058178361
2060775244
2062414889
2065951793
2067688215
2067733246
2068274592
2069339399
2069861261
2070270210
2070335992
2070603242
2072649129
2072826356
2075294764
2075676918
2078675467
2079121865
2079320470
2079653482
2079949264
2080396858
2080555504
2080959416
2082607866
2085129728
2085582228
2086446256
2088043622
2088972066
2089400232
2090332931
2090561526
2090991637
2092727664
2092956821
2093330802
2094799046
2095151658
2096002307
2098215131
2098350886
2099071626
2099782514
2100055371
2101828882
2101913556
2104644517
2105910874
2108604009
2109018911
2109262423
2109339041
2110199116
2110436291
2110495096
2111454838
2112020364
2113539707
2114167449
2114393457
2114696884
2115077754
2119422983
2120206352
2120290670
2120307697
2120696683
2120869971
2121247639
2121808823
2121866215
2123818255
2124500825
2125884640
2130049862
2131211067
2131647137
2132102219
2132334858
2132573112
2132728126
2132891240
2135513611
2135958471
2136839778
2140883465
2141418073
2142364832
2142756295
2142789362
2147177555
