Time in nano second: 75073678
-2145619126
-2131698855
-2131434849
-2130301007
-2130203686
-2121380974
-2120844185
-2119562489
-2117434878
-2115569123
-2111543960
-2110433830
-2102393381
-2095946691
-2091812561
-2091701626
-2090828588
-2090689434
-2089537403
-2079686272
-2071844796
-2070385839
-2061804357
-2039930339
-2037355410
-2023021539
-2022291389
-2017625777
-2015249976
-2011599451
-1997663199
-1994898647
-1991023480
-1987322047
-1987110413
-1986543187
-1981923132
-1979257652
-1962752315
-1961882887
-1961167359
-1956322880
-1951440253
-1950708516
-1947931524
-1941556854
-1936856163
-1936822694
-1921838018
-1920038589
-1916037922
-1908525620
-1903608939
-1900179101
-1897889137
-1892156236
-1891668316
-1888449821
-1882083349
-1879423109
-1860664123
-1858530647
-1843949568
-1841671331
-1832205022
-1822866174
-1811933795
-1810362564
-1787601984
-1787139814
-1784480230
-1782218971
-1779456998
-1777893389
-1776678672
-1775511954
-1770862620
-1770328886
-1770162029
-1764481335
-1760388087
-1759255147
-1759091651
-1756189756
-1754822526
-1752937215
-1749314111
-1738957943
-1733266634
-1732090976
-1729356427
-1729237403
-1718160688
-1709480599
-1706570566
-1703442510
-1701982584
-1701461311
-1697460196
-1694811993
-1692027565
-1676898524
-1676329286
-1674821334
-1666270626
-1663614715
-1653546471
-1652093516
-1648181571
-1641185735
-1639926546
-1637190558
-1631116647
-1626500862
-1620944822
-1620900060
-1614375475
-1612917082
-1612538119
-1609100667
-1609043321
-1606386548
-1605441171
-1596923882
-1596469465
-1596202520
-1589713278
-1589609033
-1586571716
-1580875467
-1580759931
-1573225651
-1573082660
-1569473929
-1567969968
-1567828090
-1555519626
-1547999503
-1546470628
-1545802923
-1545506971
-1538760453
-1538290365
-1534784491
-1529421279
-1528484284
-1526158647
-1525059097
-1523336134
-1516236749
-1512072059
-1503556207
-1503489474
-1502716736
-1500077145
-1499369495
-1497484484
-1496972479
-1489967153
-1483173687
-1483008804
-1480762722
-1473579690
-1472354385
-1471832779
-1470688075
-1466491733
-1464472645
-1456577277
-1456407788
-1454600979
-1452361294
-1445661879
-1443818769
-1431167492
-1428016627
-1426971763
-1424369687
-1421884546
-1416037090
-1412830473
-1409419727
-1401259583
-1394447262
-1389083118
-1388302736
-1384168944
-1379656723
-1372829617
-1370191504
-1368396541
-1361293733
-1361031762
-1358328015
-1355197839
-1353044947
-1352596506
-1351307668
-1349369997
-1343874015
-1313629351
-1311995643
-1310094909
-1309205417
-1303504721
-1301556338
-1283701464
-1277317127
-1261183844
-1258831023
-1257096893
-1256752708
-1256740616
-1250095131
-1248425885
-1246217443
-1245988082
-1238059406
-1237328008
-1234419510
-1231471702
-1230798800
-1226866560
-1222877527
-1221179580
-1221053175
-1220179369
-1211311223
-1209026448
-1203846633
-1203364025
-1197808778
-1193105740
-1192938066
-1188617470
-1188328150
-1188086902
-1176670512
-1165286879
-1162100619
-1156569946
-1151014767
-1150584937
-1148844709
-1147139271
-1140463851
-1137766885
-1134960393
-1134687239
-1134095722
-1130048588
-1129790067
-1129368198
-1122555288
-1120233618
-1116624854
-1107763042
-1097384416
-1085484613
-1082908895
-1082377132
-1077162313
-1074149565
-1061637795
-1056506689
-1051921541
-1040426569
-1038071976
-1035798877
-1029857812
-1004643168
-992540889
-990873054
-989147339
-985575049
-984379713
-977525255
-972586745
-971636916
-969976039
-962436173
-957620939
-955437834
-953479241
-953178678
-952004229
-943521785
-942088706
-921340310
-920557993
-910259468
-903806325
-901053649
-898602117
-888904014
-888521838
-888415100
-888211241
-886097629
-884272381
-882397395
-881648933
-876247632
-875734756
-874044591
-868502986
-864843689
-859994025
-848647929
-836146680
-820964670
-817480722
-812805279
-808445179
-805166363
-804065596
-795116953
-794705479
-790387063
-787364354
-786588461
-781367309
-773685058
-773464162
-770528162
-769175515
-766924686
-765078338
-763761944
-763572830
-761659341
-760162122
-758250289
-757687966
-749124276
-738513504
-736937669
-736622439
-717127470
-710092845
-707652854
-705354041
-704716372
-704364436
-684003883
-677219068
-674005346
-672826949
-671880774
-665821306
-662244613
-661476797
-653958076
-648680391
-640859168
-636200708
-629180366
-626070153
-624920535
-623974451
-618708416
-614727565
-596120932
-590511711
-585597347
-581455754
-578159916
-576028597
-568928689
-568827914
-562259287
-559418701
-554817447
-544386063
-541156180
-536619985
-533482026
-532716796
-521306373
-517527739
-517252566
-509185825
-505958266
-503952416
-503463940
-502437539
-500171699
-498136586
-498105242
-494274125
-489216500
-487978073
-486819313
-484386237
-483017651
-479301945
-477534002
-477381942
-466603605
-463480677
-463160795
-462482719
-460086553
-454941756
-452771093
-450708992
-447206277
-446629513
-437328901
-428013294
-421640884
-418652838
-417844813
-416894295
-408288728
-405529751
-394994857
-375010866
-370745326
-369503998
-348214831
-341964745
-329883001
-329294183
-328931813
-317190074
-316139980
-315787175
-315394172
-311879174
-301790403
-300580493
-298614735
-297212578
-293538957
-292346404
-291752272
-287821429
-276545823
-269700953
-267627000
-257506892
-255211135
-250773464
-242790741
-241768952
-239295086
-238849543
-225977904
-224224636
-219372017
-219162819
-217758534
-206969532
-205471519
-201022723
-200906756
-197134448
-190559367
-188119547
-186653656
-186234194
-182189705
-173637830
-170560840
-170053953
-160428072
-150328352
-150136724
-132968941
-132563779
-130203840
-128822284
-126006681
-124299591
-119881014
-111637168
-107765114
-106898050
-106006863
-103402500
-95300331
-94418763
-82365435
-81824100
-80349153
-76031501
-74042343
-72133683
-58953515
-57446062
-47008808
-46827608
-36615404
-30262556
-25834456
-22757109
-21119552
-20378821
-16455515
-15313508
-12564505
-8537441
-7246817
-6294488
-1499148
0
0
0
0
0
0
0
0
0
0
0
0
0
0
0
0
0
0
0
0
0
0
0
0
0
0
0
0
0
0
0
0
0
0
0
0
0
0
0
0
0
0
0
0
0
0
0
0
0
0
0
0
0
0
0
0
0
0
0
0
0
0
0
0
0
0
0
0
0
0
0
0
0
0
0
0
0
0
0
0
0
0
0
0
0
0
0
0
0
0
0
0
0
0
0
0
0
0
0
0
0
0
0
0
0
0
0
0
0
0
0
0
0
0
0
0
0
0
0
0
0
0
0
0
0
0
0
0
0
0
0
0
0
0
0
0
0
0
0
0
0
0
0
0
0
0
0
0
0
0
0
0
0
0
0
0
0
0
0
0
0
0
0
0
0
0
0
0
0
0
0
0
0
0
0
0
0
0
0
0
0
0
0
0
0
0
0
0
0
0
0
0
0
0
0
0
0
0
0
0
0
0
0
0
0
0
0
0
0
0
0
0
0
0
0
0
0
0
0
0
0
0
0
0
0
0
0
0
0
0
0
0
0
0
0
0
0
0
0
0
0
0
0
0
0
0
0
0
0
0
0
0
0
0
0
0
0
0
0
0
0
0
0
0
0
0
0
0
0
0
0
0
0
0
0
0
0
0
0
0
0
0
0
0
0
0
0
0
0
0
0
0
0
0
0
0
0
0
0
0
0
0
0
0
0
0
0
0
0
0
0
0
0
0
0
0
0
0
0
0
0
0
0
0
0
0
0
0
0
0
0
0
0
0
0
0
0
0
0
0
0
0
0
0
0
0
0
0
0
0
0
0
0
0
0
0
0
0
0
0
0
0
0
0
0
0
0
0
0
0
0
0
0
0
0
0
0
0
0
0
0
0
0
0
0
0
0
0
0
0
0
0
0
0
0
0
0
0
0
0
0
0
0
0
0
0
0
0
0
0
0
0
0
0
0
0
0
0
0
0
0
0
0
0
0
0
0
0
0
0
0
0
0
0
0
0
0
0
0
0
0
0
0
0
0
0
0
0
0
0
0
0
0
0
0
0
0
0
0
0
0
0
0
0
0
0
0
0
0
0
0
0
0
0
0
0
0
0
0
0
0
0
0
0
0
0
0
0
0
0
0
0
0
0
0
0
0
0
0
0
0
0
0
0
0
0
0
0
0
0
0
0
0
0
0
0
0
0
0
0
0
0
0
0
0
0
0
0
0
0
0
0
0
0
0
0
0
0
0
0
0
0
0
0
0
0
0
0
0
0
0
0
0
0
0
0
0
0
0
0
0
0
0
0
0
0
0
0
0
0
0
0
0
0
0
0
0
0
0
0
0
0
0
0
0
0
0
0
0
0
0
0
0
0
0
0
0
0
0
0
0
0
0
0
0
0
0
0
0
0
0
0
0
0
0
0
0
0
0
0
0
0
0
0
0
0
0
0
0
0
0
0
0
0
0
0
0
0
0
0
0
0
0
0
0
0
0
0
0
0
0
0
0
0
0
0
0
0
0
0
0
0
0
0
0
0
0
0
0
0
0
0
0
0
0
0
0
0
0
0
0
0
0
0
0
0
0
0
0
0
0
0
0
0
0
0
0
0
0
0
0
0
0
0
0
0
0
0
0
0
0
0
0
0
0
0
0
0
0
0
0
0
0
0
0
0
0
0
0
0
0
0
0
0
0
0
0
0
0
0
0
0
0
0
0
0
0
0
0
0
0
0
0
0
0
0
0
0
0
0
0
0
0
0
0
0
0
0
0
0
0
0
0
0
0
0
0
0
0
0
0
0
0
0
0
0
0
0
0
0
0
0
0
0
0
0
0
0
0
0
0
0
0
0
0
0
0
0
0
0
0
0
0
0
0
0
0
0
0
0
0
0
0
0
0
0
0
0
0
0
0
0
0
0
0
0
0
0
0
0
0
0
0
0
0
0
0
0
0
0
0
0
0
0
0
0
0
0
0
0
0
0
0
0
0
0
0
0
0
0
0
0
0
0
0
0
0
0
0
0
0
0
0
0
0
0
0
0
0
0
0
0
0
0
0
0
0
0
0
0
0
0
0
0
0
0
0
0
0
0
0
0
0
0
0
0
0
0
0
0
0
0
0
0
0
0
0
0
0
0
0
0
0
0
0
0
0
0
0
0
0
0
0
0
0
0
0
0
0
0
0
0
0
0
0
0
0
0
0
0
0
0
0
0
0
0
0
0
0
0
0
0
0
0
0
0
0
0
0
0
0
0
0
0
0
0
0
0
0
0
0
0
0
0
0
0
0
0
0
0
0
0
0
0
0
0
0
0
0
0
0
0
0
0
0
0
0
0
0
0
0
0
0
0
0
0
0
0
0
0
0
0
0
0
0
0
0
0
0
0
0
0
0
0
0
0
0
0
0
0
0
0
0
0
0
0
0
0
0
0
0
0
0
0
0
0
0
0
0
0
0
0
0
0
0
0
0
0
0
0
0
0
0
0
0
0
0
0
0
0
0
0
0
0
0
0
0
0
0
0
0
0
0
0
0
0
0
0
0
0
0
0
0
0
0
0
0
0
0
0
0
0
0
0
0
0
0
0
0
0
0
0
0
0
0
0
0
0
0
0
0
0
0
0
0
0
0
0
0
0
0
0
0
0
0
0
0
0
0
0
0
0
0
0
0
0
0
0
0
0
0
0
0
0
0
0
0
0
0
0
0
0
0
0
0
0
0
0
0
0
0
0
0
0
0
0
0
0
0
0
0
0
0
0
0
0
0
0
0
0
0
0
0
0
0
0
0
0
0
0
0
0
0
0
0
0
0
0
0
0
0
0
0
0
0
0
0
0
0
0
0
0
0
0
0
0
0
0
0
0
0
0
0
0
0
0
0
0
0
0
0
0
0
0
0
0
0
0
0
0
0
0
0
0
0
0
0
0
0
0
0
0
0
0
0
0
0
0
0
0
0
0
0
0
0
0
0
0
0
0
0
0
0
0
0
0
0
0
0
0
0
0
0
0
0
0
0
0
0
0
0
0
0
0
0
0
0
0
0
0
0
0
0
0
0
0
0
0
0
0
0
0
0
0
0
0
0
0
0
0
0
0
0
0
0
0
0
0
0
0
0
0
0
0
0
0
0
0
0
0
0
0
0
0
0
0
0
0
0
0
0
0
0
0
0
0
0
0
0
0
0
0
0
0
0
0
0
0
0
0
0
0
0
0
0
0
0
0
0
0
0
0
0
0
0
0
0
0
0
0
0
0
0
0
0
0
0
0
0
0
0
0
0
0
0
0
0
0
0
0
0
0
0
0
0
0
0
0
0
0
0
0
0
0
0
0
0
0
0
0
0
0
0
0
0
0
0
0
0
0
0
0
0
0
0
0
0
0
0
0
0
0
0
0
0
0
0
0
0
0
0
0
0
0
0
0
0
0
0
0
0
0
0
0
0
0
0
0
0
0
0
0
0
0
0
0
0
0
0
0
0
0
0
0
0
0
0
0
0
0
0
0
0
0
0
0
0
0
0
0
0
0
0
0
0
0
0
0
0
0
0
0
0
0
0
0
0
0
0
0
0
0
0
0
0
0
0
0
0
0
0
0
0
0
0
0
0
0
0
0
0
0
0
0
0
0
0
0
0
0
0
0
0
0
0
0
0
0
0
0
0
0
0
0
0
0
0
0
0
0
0
0
0
0
0
0
0
0
0
0
0
0
0
0
0
0
0
0
0
0
0
0
0
0
0
0
0
0
0
0
0
0
0
0
0
0
0
0
0
0
0
0
0
0
0
0
0
0
0
0
0
0
0
0
0
0
0
0
0
0
0
0
0
0
0
0
0
0
0
0
0
0
0
0
0
0
0
0
0
0
0
0
0
0
0
0
0
0
0
0
0
0
0
0
0
0
0
0
0
0
0
0
0
0
0
0
0
0
0
0
0
0
0
0
0
0
0
0
0
0
0
0
0
0
0
0
0
0
0
0
0
0
0
0
0
0
0
0
0
0
0
0
0
0
0
0
0
0
0
0
0
0
0
0
0
0
0
0
0
0
0
0
0
0
0
0
0
0
0
0
0
0
0
0
0
0
0
0
0
0
0
0
0
0
0
0
0
0
0
0
0
0
0
0
0
0
0
0
0
0
0
0
0
0
0
0
0
0
0
0
0
0
0
0
0
0
0
0
0
0
0
0
0
0
0
0
0
0
0
0
0
0
0
0
0
0
0
0
0
0
0
0
0
0
0
0
0
0
0
0
0
0
0
0
0
0
0
0
0
0
0
0
0
0
0
0
0
0
0
0
0
0
0
0
0
0
0
0
0
0
0
0
0
0
0
0
0
0
0
0
0
0
0
0
0
0
0
0
0
0
0
0
0
0
0
0
0
0
0
0
0
0
0
0
0
0
0
0
0
0
0
0
0
0
0
0
0
0
0
0
0
0
0
0
0
0
0
0
0
0
0
0
0
0
0
0
0
0
0
0
0
0
0
0
0
0
0
0
0
0
0
0
0
0
0
0
0
0
0
0
0
0
0
0
0
0
0
0
0
0
0
0
0
0
0
0
0
0
0
0
0
0
0
0
0
0
0
0
0
0
0
0
0
0
0
0
0
0
0
0
0
0
0
0
0
0
0
0
0
0
0
0
0
0
0
0
0
0
0
0
0
0
0
0
0
0
0
0
0
0
0
0
0
0
0
0
0
0
0
0
0
0
0
0
0
0
0
0
0
0
0
0
0
0
0
0
0
0
0
0
0
0
0
0
0
0
0
0
0
0
0
0
0
0
0
0
0
0
0
0
0
0
0
0
0
0
0
0
0
0
0
0
0
0
0
0
0
0
0
0
0
0
0
0
0
0
0
0
0
0
0
0
0
0
0
0
0
0
0
0
0
0
0
0
0
0
0
0
0
0
0
0
0
0
0
0
0
0
0
0
0
0
0
0
0
0
0
0
0
0
0
0
0
0
0
0
0
0
0
0
0
0
0
0
0
0
0
0
0
0
0
0
0
0
0
0
0
0
0
0
0
0
0
0
0
0
0
0
0
0
0
0
0
0
0
0
0
0
0
0
0
0
0
0
0
0
0
0
0
0
0
0
0
0
0
0
0
0
0
0
0
0
0
0
0
0
0
0
0
0
0
0
0
0
0
0
0
0
0
0
0
0
0
0
0
0
0
0
0
0
0
0
0
0
0
0
0
0
0
0
0
0
0
0
0
0
0
0
0
0
0
0
0
0
0
0
0
0
0
0
0
0
0
0
0
0
0
0
0
0
0
0
0
0
0
0
0
0
0
0
0
0
0
0
0
0
0
0
0
0
0
0
0
0
0
0
0
0
0
0
0
0
0
0
0
0
0
0
0
0
0
0
0
0
0
0
0
0
0
0
0
0
0
0
0
0
0
0
0
0
0
0
0
0
0
0
0
0
0
0
0
0
0
0
0
0
0
0
0
0
0
0
0
0
0
0
0
0
0
0
0
0
0
0
0
0
0
0
0
0
0
0
0
0
0
0
0
0
0
0
0
0
0
0
0
0
0
0
0
0
0
0
0
0
0
0
0
0
0
0
0
0
0
0
0
0
0
0
0
0
0
0
0
0
0
0
0
0
0
0
0
0
0
0
0
0
0
0
0
0
0
0
0
0
0
0
0
0
0
0
0
0
0
0
0
0
0
0
0
0
0
0
0
0
0
0
0
0
0
0
0
0
0
0
0
0
0
0
0
0
0
0
0
0
0
0
0
0
0
0
0
0
0
0
0
0
0
0
0
0
0
0
0
0
0
0
0
0
0
0
0
0
0
0
0
0
0
0
0
0
0
0
0
0
0
0
0
0
0
0
0
0
0
0
0
0
0
0
0
0
0
0
0
0
0
0
0
0
0
0
0
0
0
0
0
0
0
0
0
0
0
0
0
0
0
0
0
0
0
0
0
0
0
0
0
0
0
0
0
0
0
0
0
0
0
0
0
0
0
0
0
0
0
0
0
0
0
0
0
0
0
0
0
0
0
0
0
0
0
0
0
0
0
0
0
0
0
0
0
0
0
0
0
0
0
0
0
0
0
0
0
0
0
0
0
0
0
0
0
0
0
0
0
0
0
0
0
0
0
0
0
0
0
0
0
0
0
0
0
0
0
0
0
0
0
0
0
0
0
0
0
0
0
0
0
0
0
0
0
0
0
0
0
0
0
0
0
0
0
0
0
0
0
0
0
0
0
0
0
0
0
0
0
0
0
0
0
0
0
0
0
0
0
0
0
0
0
0
0
0
0
0
0
0
0
0
0
0
0
0
0
0
0
0
0
0
0
0
0
0
0
0
0
0
0
0
0
0
0
0
0
0
0
0
0
0
0
0
0
0
0
0
0
0
0
0
0
0
0
0
0
0
0
0
0
0
0
0
0
0
0
0
0
0
0
0
0
0
0
0
0
0
0
0
0
0
0
0
0
0
0
0
0
0
0
0
0
0
0
0
0
0
0
0
0
0
0
0
0
0
0
0
0
0
0
0
0
0
0
0
0
0
0
0
0
0
0
0
0
0
0
0
0
0
0
0
0
0
0
0
0
0
0
0
0
0
0
0
0
0
0
0
0
0
0
0
0
0
0
0
0
0
0
0
0
0
0
0
0
0
0
0
0
0
0
0
0
0
0
0
0
0
0
0
0
0
0
0
0
0
0
0
0
0
0
0
0
0
0
0
0
0
0
0
0
0
0
0
0
0
0
0
0
0
0
0
0
0
0
0
0
0
0
0
0
0
0
0
0
0
0
0
0
0
0
0
0
0
0
0
0
0
0
0
0
0
0
0
0
0
0
0
0
0
0
0
0
0
0
0
0
0
0
0
0
0
0
0
0
0
0
0
0
0
0
0
0
0
0
0
0
0
0
0
0
0
0
0
0
0
0
0
0
0
0
0
0
0
0
0
0
0
0
0
0
0
0
0
0
0
0
0
0
0
0
0
0
0
0
0
0
0
0
0
0
0
0
0
0
0
0
0
0
0
0
0
0
0
0
0
0
0
0
0
0
0
0
0
0
0
0
0
0
0
0
0
0
0
0
0
0
0
0
0
0
0
0
0
0
0
0
0
0
0
0
0
0
0
0
0
0
0
0
0
0
0
0
0
0
0
0
0
0
0
0
0
0
0
0
0
0
0
0
0
0
0
0
0
0
0
0
0
0
0
0
0
0
0
0
0
0
0
0
0
0
0
0
0
0
0
0
0
0
0
0
0
0
0
0
0
0
0
0
0
0
0
0
0
0
0
0
0
0
0
0
0
0
0
0
0
0
0
0
0
0
0
0
0
0
0
0
0
0
0
0
0
0
0
0
0
0
0
0
0
0
0
0
0
0
0
0
0
0
0
0
0
0
0
0
0
0
0
0
0
0
0
0
0
0
0
0
0
0
0
0
0
0
0
0
0
0
0
0
0
0
0
0
0
0
0
0
0
0
0
0
0
0
0
0
0
0
0
0
0
0
0
0
0
0
0
0
0
0
0
0
0
0
0
0
0
0
0
0
0
0
0
0
0
0
0
0
0
0
0
0
0
0
0
0
0
0
0
0
0
0
0
0
0
0
0
0
0
0
0
0
0
0
0
0
0
0
0
0
0
0
0
0
0
0
0
0
0
0
0
0
0
0
0
0
0
0
0
0
0
0
0
0
0
0
0
0
0
0
0
0
0
0
0
0
0
0
0
0
0
0
0
0
0
0
0
0
0
0
0
0
0
0
0
0
0
0
0
0
0
0
0
0
0
0
0
0
0
0
0
0
0
0
0
0
0
0
0
0
0
0
0
0
0
0
0
0
0
0
0
0
0
0
0
0
0
0
0
0
0
0
0
0
0
0
0
0
0
0
0
0
0
0
0
0
0
0
0
0
0
0
0
0
0
0
0
0
0
0
0
0
0
0
0
0
0
0
0
0
0
0
0
0
0
0
0
0
0
0
0
0
0
0
0
0
0
0
0
0
0
0
0
0
0
0
0
0
0
0
0
0
0
0
0
0
0
0
0
0
0
0
0
0
0
0
0
0
0
0
0
0
0
0
0
0
0
0
0
0
0
0
0
0
0
0
0
0
0
0
0
0
0
0
0
0
0
0
0
0
0
0
0
0
0
0
0
0
0
0
0
0
0
0
0
0
0
0
0
0
0
0
0
0
0
0
0
0
0
0
0
0
0
0
0
0
0
0
0
0
0
0
0
0
0
0
0
0
0
0
0
0
0
0
0
0
0
0
0
0
0
0
0
0
0
0
0
0
0
0
0
0
0
0
0
0
0
0
0
0
0
0
0
0
0
0
0
0
0
0
0
0
0
0
0
0
0
0
0
0
0
0
0
0
0
0
0
0
0
0
0
0
0
0
0
0
0
0
0
0
0
0
0
0
0
0
0
0
0
0
0
0
0
0
0
0
0
0
0
0
0
0
0
0
0
0
0
0
0
0
0
0
0
0
0
0
0
0
0
0
0
0
0
0
0
0
0
0
0
0
0
0
0
0
0
0
0
0
0
0
0
0
0
0
0
0
0
0
0
0
0
0
0
0
0
0
0
0
0
0
0
0
0
0
0
0
0
0
0
0
0
0
0
0
0
0
0
0
0
0
0
0
0
0
0
0
0
0
0
0
0
0
0
0
0
0
0
0
0
0
0
0
0
0
0
0
0
0
0
0
0
0
0
0
0
0
0
0
0
0
0
0
0
0
0
0
0
0
0
0
0
0
0
0
0
0
0
0
0
0
0
0
0
0
0
0
0
0
0
0
0
0
0
0
0
0
0
0
0
0
0
0
0
0
0
0
0
0
0
0
0
0
0
0
0
0
0
0
0
0
0
0
0
0
0
0
0
0
0
0
0
0
0
0
0
0
0
0
0
0
0
0
0
0
0
0
0
0
0
0
0
0
0
0
0
0
0
0
0
0
0
0
0
0
0
0
0
0
0
0
0
0
0
0
0
0
0
0
0
0
0
0
0
0
0
0
0
0
0
0
0
0
0
0
0
0
0
0
0
0
0
0
0
0
0
0
0
0
0
0
0
0
0
0
0
0
0
0
0
0
0
0
0
0
0
0
0
0
0
0
0
0
0
0
0
0
0
7990230
14865124
24827320
25206866
27287520
28236710
34461944
34617343
43295474
43592852
47413537
50658445
52034239
56550929
61231982
64579066
68418670
71386222
72333461
77094242
78142734
79913721
81132409
97870202
104129635
105747143
112693240
116758133
133648787
139204282
150310396
155650043
163875273
167619056
169715578
170971192
176193061
177048223
179468510
182775255
185023206
186960761
191339510
191674690
198061530
200059296
200758471
207786317
208162961
212300358
214978356
218475824
220629644
222709537
223122197
225393607
226006139
226922866
229578671
232442859
236588228
239339579
247534211
250336488
251704320
255098590
258918349
264567525
278625678
279442715
280326432
285383134
285822446
288448367
298248435
299491315
301727716
310177419
312433776
316596283
320525717
321784783
324340161
325805659
329173793
329538314
346771376
348562280
348603605
355733866
360312456
365664997
369937476
370941601
375767967
379351500
389712147
400614395
409199853
409425031
412981429
419187344
424448459
430403005
442694398
443377309
446980757
455429186
456747639
460490999
461357630
462297883
464526580
486504279
487375190
489268411
498928849
500477471
501046896
505849026
506732012
514367000
517963007
531237773
536479266
542129834
543043124
554028115
554598224
555903185
566617822
573375950
577506227
580350721
587926614
589296167
590450461
612950752
619308086
621200900
630279211
632432505
641790511
658773198
661725676
663974909
664235040
672824914
673841873
674561218
687365363
688609559
698812450
699674949
708365597
719090381
721401759
721447911
725580971
727347203
727752224
729066071
746254876
753575413
757132645
763894519
767538110
768671131
769347173
776212574
786687984
793516856
794063966
794523234
794722950
800417210
802554006
805876528
807952591
819313367
820458771
822445463
825981789
826088399
829464640
829507465
832918691
843407290
843559842
850220082
851201948
855753595
862219430
862533984
870141752
871854642
879473824
884737167
886433185
888062018
890385553
890535606
893237133
894083200
895412260
895531254
900291703
903041463
906637944
917383714
918025488
929735040
931774610
933018293
933990789
939766700
943292653
954863065
956162806
960365549
972836040
979515520
990454729
1003100528
1013190182
1017327366
1020578520
1029359524
1033380699
1036240325
1036427488
1038416631
1044212591
1046012252
1049188364
1052401730
1053149651
1054049018
1055564787
1059138195
1061310800
1073286683
1079219487
1083538856
1085293017
1085859951
1087709422
1092744797
1094976393
1096177822
1099383832
1103969544
1112881168
1118069622
1120293524
1125090926
1129021698
1129580055
1133320763
1136212816
1148400694
1150468213
1151734397
1159351506
1161093788
1162142398
1164219376
1166148634
1166506294
1168400255
1172361446
1184869449
1187103479
1189354187
1190682226
1198573716
1203864752
1204237419
1214499367
1225854230
1231900682
1232356016
1235034916
1235415742
1238344787
1241233505
1241851079
1241990265
1244525549
1245340434
1247420904
1249045232
1251188357
1252134341
1254895615
1259606376
1265902229
1268164780
1285624460
1300191400
1308338340
1310823046
1312588049
1314476669
1317464333
1319195524
1319672956
1320854778
1322534982
1325958128
1330573159
1334413954
1336860725
1337700367
1342551632
1343041933
1355714673
1369238963
1370104592
1370224711
1381887152
1384009751
1398389203
1399704648
1404902855
1413526709
1414592315
1423525360
1424968353
1429031521
1429415107
1430384523
1435168093
1460462707
1463322857
1463739192
1489587060
1489652806
1495613010
1499364174
1504509513
1505987844
1509285843
1510292428
1512906589
1515876834
1517375962
1517777734
1525197525
1529143108
1536404527
1537145593
1539279031
1551661543
1557345667
1558671684
1560084161
1569888369
1572798326
1573785236
1575389839
1581067824
1582320712
1587514415
1597637796
1597989190
1599736410
1611322250
1614664308
1618195026
1624588637
1630865541
1639282200
1641075714
1643852941
1648132601
1650294248
1650607019
1659936080
1661615783
1665142622
1673378603
1675230918
1676488501
1684205823
1687146111
1700086391
1711861249
1713566382
1715157774
1718884606
1719178878
1724606742
1725181554
1726255421
1733314617
1734731242
1737492623
1743021761
1746749373
1747367306
1755741236
1758711063
1763985733
1776321868
1776573478
1778097033
1778592612
1781245997
1781962893
1787555924
1793822109
1795540815
1796026034
1801156928
1805167229
1811474075
1815012826
1818616278
1825272432
1826089335
1827067997
1828360234
1830492425
1831225241
1841026585
1845102863
1845245906
1847764497
1849085091
1851420292
1853537421
1855591137
1861970628
1863051728
1874202671
1877971168
1882874652
1891602157
1913350616
1922075178
1928543461
1931882306
1934974953
1940262498
1948376324
1951707600
1967458725
1968241286
1973152360
1978300954
1985576583
1988768359
1990236812
1991739996
1992437271
1993038154
1997042501
2002925649
2006277105
2009282053
2011849572
2011874625
2015084123
2023371919
2027428803
2028251978
2028851729
2029344390
2029496386
2031178325
2033652836
2046125367
2046144477
2050533305
2052171226
2053160975
2070603242
2080555504
2088972066
2090332931
2090561526
2098215131
2104644517
2110436291
2110495096
2114696884
2115077754
2121866215
2123818255
2131211067
2132102219
2141418073
2142756295
