Time in nano second: 36882345
-2146370706
-2145557173
-2142834511
-2139785628
-2134352119
-2133965613
-2133074017
-2131954863
-2130831030
-2129724003
-2128239359
-2124265009
-2124203928
-2123895471
-2121950097
-2119591182
-2116708870
-2116384318
-2115696304
-2114844345
-2111229229
-2106942502
-2105851882
-2105449769
-2104728124
-2104692429
-2102244648
-2099496072
-2099039455
-2098899494
-2094530596
-2094518101
-2092001677
-2086026403
-2085266430
-2083070351
-2081764077
-2080690186
-2080218417
-2078120926
-2076288979
-2075648566
-2074416131
-2070095492
-2068698950
-2068120369
-2067819201
-2065223256
-2064990824
-2064988554
-2063660672
-2059246688
-2058813079
-2056853544
-2055366458
-2055032540
-2054986738
-2052524455
-2052152404
-2048421539
-2046965713
-2046809437
-2046535029
-2043586521
-2039587329
-2039084785
-2038992950
-2038939398
-2037750348
-2035507157
-2034516093
-2033960160
-2030330697
-2028969687
-2027693340
-2022724138
-2019162688
-2017061743
-2014396106
-2009709955
-2009498138
-2008901163
-2005065391
-2004977053
-2004576886
-2002387664
-2001556940
-1996695011
-1995690205
-1995687085
-1991228087
-1989268854
-1989262898
-1985336841
-1981180604
-1980354752
-1979730393
-1979445658
-1977607400
-1976256097
-1976196532
-1973717590
-1971079594
-1970351839
-1970058488
-1969906952
-1969891087
-1963533479
-1962435462
-1959330105
-1958942761
-1958506268
-1958178971
-1956805948
-1955603558
-1954190439
-1953202358
-1950875660
-1948484490
-1947260260
-1946000297
-1945542742
-1945457075
-1943867556
-1938943959
-1933979679
-1930556414
-1926941440
-1921592259
-1919434978
-1917018096
-1916853497
-1914973636
-1911724561
-1911370694
-1910293913
-1908768706
-1900471222
-1896660416
-1896107133
-1895625711
-1894387396
-1893027292
-1892958904
-1889685335
-1888515078
-1885712021
-1883013638
-1879841125
-1877643526
-1876453724
-1875709001
-1875349014
-1872968986
-1869861180
-1868634153
-1866936756
-1855194419
-1854075913
-1853522073
-1852572314
-1850235285
-1850025445
-1849999617
-1849616262
-1846435448
-1845652432
-1845113569
-1842967281
-1841269021
-1840420395
-1839096381
-1838844257
-1835637170
-1835296727
-1834220082
-1831256403
-1830409538
-1828405854
-1827186828
-1826190341
-1825523647
-1823865091
-1823620445
-1819623891
-1818369844
-1817897575
-1817786993
-1816482920
-1816064177
-1815998500
-1812719673
-1812243730
-1811605433
-1810432379
-1807592041
-1805360541
-1803409489
-1803257007
-1799588775
-1798828993
-1795441432
-1794016248
-1793408984
-1793062785
-1792713796
-1792644266
-1792254987
-1791206079
-1790634105
-1789917092
-1789523456
-1783687543
-1782258791
-1778546702
-1773868768
-1773635348
-1771009502
-1770539915
-1769061051
-1768730425
-1767838097
-1767399737
-1766737513
-1766467719
-1761053024
-1757726421
-1757196713
-1755979906
-1755911479
-1754383718
-1754163177
-1753752694
-1753350496
-1751012626
-1750978327
-1750835016
-1748288139
-1744679471
-1743979122
-1742822593
-1739480765
-1736755902
-1731860815
-1730817543
-1729317241
-1729292244
-1729262306
-1727758271
-1727614961
-1726052870
-1725169794
-1720977390
-1719672471
-1716524495
-1715024486
-1708630379
-1708131737
-1707482627
-1707156145
-1706768512
-1706172236
-1706032933
-1705967480
-1704637021
-1703495518
-1703411533
-1703283616
-1701320843
-1699087368
-1695202482
-1694430485
-1693888824
-1688870019
-1688338751
-1687682735
-1684091086
-1684065627
-1682432745
-1681431452
-1677741494
-1677613745
-1676593831
-1672764457
-1671799569
-1671145464
-1670569865
-1665965537
-1665941377
-1665874118
-1665511297
-1662906171
-1662525823
-1658096199
-1653466905
-1652471102
-1651455939
-1650718878
-1647809226
-1643740915
-1641889288
-1640703409
-1640553542
-1635574091
-1634477096
-1634061481
-1632843798
-1630496365
-1629343446
-1627487886
-1622175023
-1621587853
-1619614882
-1619232432
-1618398551
-1617640588
-1617527219
-1616341592
-1615851815
-1614972888
-1614783148
-1613445107
-1612634180
-1612321659
-1611756224
-1611321794
-1610703132
-1607911735
-1607721848
-1605838794
-1603552890
-1600844920
-1598015035
-1597258335
-1597138456
-1595754455
-1594535965
-1594377063
-1593542705
-1593392897
-1588738562
-1587160810
-1585473388
-1584438175
-1584145967
-1583856261
-1581542700
-1578775451
-1575558642
-1575039297
-1572824013
-1572273655
-1570483438
-1568578587
-1568421819
-1566942760
-1566460234
-1565846037
-1564789010
-1561357506
-1561026265
-1560904133
-1559988707
-1558702273
-1558361329
-1556321805
-1554958274
-1550961522
-1547662372
-1547242521
-1545966843
-1542609858
-1542393331
-1541044760
-1539527943
-1539377128
-1538816980
-1538528742
-1535800219
-1532040127
-1531889820
-1531589873
-1530407655
-1530011425
-1527803848
-1527564301
-1520670600
-1520544304
-1519242856
-1518398489
-1518067179
-1516826410
-1514884469
-1511898405
-1510667280
-1504198908
-1502373225
-1500192259
-1497703103
-1496741988
-1496369788
-1495687575
-1494825337
-1494368999
-1492415974
-1491150582
-1490582188
-1489936299
-1488809625
-1485709794
-1480658537
-1477630934
-1476877449
-1476665098
-1469057246
-1468886025
-1466322245
-1465114922
-1462478552
-1461171996
-1461005059
-1460341145
-1459153023
-1458452167
-1457744983
-1457283540
-1456272332
-1455210094
-1454963484
-1454888326
-1454450803
-1451729237
-1449668676
-1449519614
-1447558089
-1447338167
-1445739303
-1445243603
-1444547036
-1441208128
-1441144340
-1438655946
-1437929244
-1435902632
-1434735197
-1432824499
-1430726086
-1430262937
-1427734950
-1424135331
-1415918924
-1415514308
-1413831235
-1412237335
-1412130437
-1405909356
-1404749964
-1399235908
-1398389330
-1397483961
-1394121888
-1392923558
-1392616469
-1391515290
-1387669374
-1385307252
-1383885700
-1381238551
-1381190866
-1379495795
-1379190115
-1376611134
-1375376668
-1372508056
-1371619877
-1368395160
-1366353392
-1365119156
-1364948130
-1363784033
-1362605065
-1361222869
-1352785597
-1352090765
-1348625898
-1346149871
-1343376242
-1342104627
-1341619374
-1341168867
-1339886857
-1339787881
-1338477209
-1335391038
-1334531802
-1334118961
-1332453127
-1330966379
-1328086008
-1327330597
-1325467180
-1324462426
-1323711189
-1321537964
-1319799559
-1317989886
-1316578132
-1316136613
-1312987340
-1312518657
-1311672966
-1309215681
-1307575952
-1306736162
-1305429225
-1305091674
-1304932912
-1304239544
-1301748019
-1300673811
-1297795083
-1297599317
-1297419939
-1295295723
-1291607344
-1289197874
-1282076723
-1278232909
-1276302706
-1270022554
-1269995821
-1267825285
-1267618411
-1267253594
-1266554061
-1266519403
-1266482453
-1264440618
-1261898595
-1258331947
-1256869298
-1254802931
-1253778419
-1252395753
-1252178426
-1251541897
-1251188689
-1247482076
-1246394718
-1245867928
-1242931866
-1236684828
-1233067100
-1232512475
-1231484798
-1230462359
-1228320908
-1226379986
-1225591533
-1224970951
-1224851893
-1223357118
-1223022735
-1220879297
-1219222715
-1216634860
-1216434840
-1216007428
-1215703155
-1213181887
-1212248495
-1211273199
-1208765480
-1206749525
-1202093063
-1201590437
-1200740274
-1200560423
-1198337951
-1198228214
-1198126910
-1196125167
-1195944932
-1193176154
-1192768116
-1192102739
-1186500257
-1186352796
-1184628826
-1180944539
-1180862700
-1177004348
-1176803993
-1170756684
-1169732616
-1163351422
-1163239152
-1162725673
-1160857027
-1158371605
-1153769086
-1152522106
-1151600501
-1149672985
-1147428006
-1147265164
-1146652568
-1146429604
-1143923427
-1142066044
-1137671017
-1133342601
-1131108154
-1129659930
-1124503179
-1118102298
-1117973639
-1116498003
-1116229473
-1115955760
-1115764174
-1115037038
-1111523916
-1111022027
-1111003377
-1108112852
-1105699988
-1103239541
-1101454005
-1097023764
-1096843986
-1095451430
-1090533982
-1087714340
-1086033601
-1084042096
-1081751023
-1081263124
-1076310889
-1074727937
-1073869212
-1068305931
-1068163158
-1067991104
-1067661109
-1066386912
-1064331380
-1063715584
-1059734941
-1059659333
-1058529691
-1055448418
-1053466194
-1052684916
-1050958823
-1049027694
-1048717399
-1048707731
-1047779466
-1044642510
-1044247471
-1042575122
-1042354362
-1042333039
-1041490302
-1038797077
-1038315498
-1037490041
-1034658724
-1033985306
-1024733306
-1022489720
-1019758974
-1019499715
-1019376415
-1018083998
-1016957730
-1016668704
-1016582433
-1011167432
-1003453490
-1001909323
-1000918586
-1000552852
-999228005
-997903759
-995731651
-993430818
-991975594
-991717006
-991540320
-983322173
-980040055
-977870223
-976720421
-975513121
-973786499
-973200479
-972148161
-971865860
-969887448
-966244322
-964672820
-963839336
-963709258
-962763518
-960584018
-960455409
-957067356
-954967069
-954727646
-953812317
-951473226
-950406903
-949383180
-949328971
-948686521
-948493193
-948430420
-946504946
-945376501
-944801891
-941552247
-941326212
-939245345
-935675899
-934884064
-934344548
-932340644
-932302237
-931433687
-929543010
-926783409
-926281259
-921539609
-921088428
-918849869
-918667398
-917680163
-912556681
-907243797
-906266466
-905349203
-904164921
-899495004
-893148164
-890730965
-889212425
-889143502
-888678749
-888039341
-884698723
-880688494
-875755844
-875173382
-874922440
-870873888
-869816130
-869120725
-867845025
-867765355
-862731014
-859356313
-858299493
-858264514
-855836928
-855298989
-853089520
-850602968
-850395672
-850266025
-849946661
-848236663
-848107724
-843998158
-837324320
-837043444
-836283423
-836088694
-835674384
-833172724
-832709587
-832586005
-830166941
-827995139
-826710716
-823154235
-818079379
-816039232
-815789232
-815765190
-813753674
-812305418
-811028735
-807929050
-807474426
-807248951
-804670917
-804223064
-799100376
-795489567
-794435816
-793908413
-792796879
-792045691
-786493136
-786332781
-785735498
-785201284
-780184932
-778945132
-778618349
-777132379
-776378597
-775992251
-775317639
-774099971
-773281879
-769463615
-768904800
-768439942
-767329174
-765689674
-765265613
-759549416
-758860922
-757376977
-754350886
-753208388
-750393016
-746400477
-743376914
-743070366
-741314881
-741094165
-736731356
-732571176
-731983191
-731881645
-730980457
-729397466
-729300627
-726739893
-726260873
-724560574
-723962769
-721195289
-720877423
-718498203
-717341397
-716396876
-712801369
-710010140
-707774609
-705817948
-704309643
-703357408
-703324382
-702373131
-698461857
-697473148
-697291633
-695925036
-694942446
-694725179
-692720829
-691562135
-690371867
-688740244
-684592655
-683723991
-682579934
-681335758
-681008217
-680029271
-679545887
-679530202
-677818374
-677621844
-676147248
-675610063
-671971511
-671211129
-670602667
-666881628
-666553105
-663732349
-663432924
-663185094
-652200065
-647108139
-644048724
-643472405
-643405860
-642759831
-640890688
-638896947
-637874551
-636096053
-629970174
-629095002
-622473583
-620406121
-620170997
-617387528
-615393784
-614721695
-610870111
-610658441
-610313782
-609763191
-608875314
-608552882
-606775435
-606267951
-604269085
-600341833
-599980804
-599368208
-597336254
-596995624
-596464886
-590026100
-588127396
-585279377
-584898571
-581126309
-580212564
-579574729
-577298072
-576888203
-576567819
-575918177
-575848345
-575745865
-575573938
-575327902
-574256748
-573924458
-573745066
-572702693
-568968100
-568795630
-568353973
-563408978
-560110891
-558173608
-555044512
-554499145
-552570853
-551724144
-547856085
-546940497
-545858809
-545546031
-542363598
-542234349
-531311175
-526799177
-520632397
-520169976
-520025673
-518706300
-517788075
-517171815
-516448086
-513289313
-510761240
-505925528
-503445283
-498404001
-498019081
-497129460
-496898567
-495817520
-491869364
-491065384
-488574415
-484907142
-484232212
-481420220
-479544760
-478115875
-477567923
-477500098
-474913099
-472700933
-471835879
-468849007
-468739320
-467950059
-465594008
-464975185
-464051462
-462079855
-461247121
-459357956
-458667315
-456656181
-451847361
-451239212
-450109653
-444495527
-443533488
-442182345
-435600407
-435429584
-430377841
-429932209
-428328489
-427629303
-427175333
-426877963
-426838561
-425154057
-425045322
-423328685
-420892062
-420306660
-419293316
-419146185
-417645164
-416051745
-415027414
-413619227
-413442267
-412383219
-407241251
-404901862
-404599284
-404264804
-402542372
-399937465
-399211801
-396062381
-390969371
-388053330
-386025131
-382607603
-382059990
-381839636
-381386051
-378625041
-375896245
-375890062
-375405415
-375020365
-373997392
-373857718
-372929825
-371266390
-370959426
-368889328
-368052576
-366373585
-366006520
-362739145
-361499216
-358477802
-355072137
-353532312
-353353879
-351219399
-336588279
-334603599
-327526188
-327471238
-325733713
-322655427
-320634742
-319919260
-319644723
-319267419
-315876641
-313711449
-313288725
-308491231
-308118806
-306702856
-305801180
-300839756
-296387879
-295538276
-291740641
-290229746
-290148695
-289691955
-287971081
-286599713
-284409856
-281342481
-281035303
-275752201
-275518491
-273671720
-269424974
-268481696
-267098860
-266275230
-266018636
-265565537
-262908593
-261560579
-260135984
-258820227
-257351911
-256526835
-255723115
-255225674
-255048705
-254991624
-251967409
-248986222
-247949778
-245866948
-245135897
-244650672
-243656443
-241404484
-237304207
-234615186
-233354236
-233335413
-232897714
-232477463
-232415146
-231188986
-225164827
-224515821
-223858752
-223425294
-220367099
-218527098
-217351642
-213899336
-213531222
-213403125
-211794461
-209122090
-208835032
-202516744
-199371244
-197788640
-196727524
-195457847
-195088196
-192079006
-191035097
-189851200
-189074697
-188268264
-186664467
-184813222
-182823029
-180965459
-180361910
-179156857
-175654171
-175454100
-175104198
-174400358
-172228566
-169425281
-167090023
-163147904
-163105811
-160882099
-156393695
-155233894
-154512213
-148946586
-142635803
-141498451
-141377808
-139485087
-138566738
-138176918
-137829740
-137476379
-135826408
-134931990
-131692025
-127121787
-126195364
-124611372
-124142982
-121483352
-121104434
-120004344
-119741486
-117498980
-117204068
-113964977
-113285023
-113269629
-112523377
-111846248
-105201030
-103896504
-103133365
-102878892
-101165601
-100522611
-100133812
-98601700
-97997484
-97068810
-95723265
-93206404
-92786184
-89959716
-88976342
-87661557
-80545851
-79484235
-78609720
-76774671
-76122264
-76106493
-72842024
-71925393
-71601972
-71532122
-70883955
-68610152
-66611087
-66176452
-65361292
-65358835
-65010463
-61569379
-60210626
-59688906
-55380139
-52766929
-52683488
-48561471
-43269932
-34972204
-33975591
-32379637
-31228347
-28261895
-27644801
-27067399
-26830173
-26635761
-24091200
-23099157
-22472232
-21415764
-17763036
-17547139
-14200513
-9710437
-6438741
-6403048
-5405801
857730
1155482
6141941
6517596
6824526
7085923
7184027
9309449
9357882
13969972
14752342
17814697
18700221
19216959
21706399
23069900
24797101
26983631
27208607
27521446
27839492
30286651
31360187
32057935
32454763
32762126
35522007
35546783
36750089
36964716
37355969
37543661
37715170
39381104
41201283
41742513
42786806
48613806
49391202
50957390
52203757
55595701
55946417
59081746
59634864
61059738
61379951
63582543
63833897
64224994
65542571
66596232
66849733
68187590
69028615
69695964
71446729
72062026
72208915
72390009
72758799
73122326
76951253
77019185
80368990
80386224
81479623
84741101
89142242
91122670
92238334
94348392
94564198
98748337
100365354
102158594
102869472
106161666
108795699
108937451
110060454
114235445
114677472
117138703
117215014
117871560
119226561
119344731
122748182
124479983
125867607
127732945
129459857
129970974
130424300
131267542
134107927
136551203
138094516
138335292
142228716
143879182
144697942
145347729
148156386
152003916
160756433
167986242
171760303
173429669
173477404
175125269
175194124
177766730
178448101
179585439
179589171
181273607
183468477
185076873
186229517
188268522
188296563
189198344
190630247
190838728
190935380
193835257
194346098
197014051
198854609
200333300
201315635
203828759
207450600
210384346
215149571
219887557
220501482
221006024
221995614
223071939
226762830
227022186
228430617
231713295
234860910
238103483
238200225
239495191
240422112
244065840
244786495
247951955
250439113
250491104
253231704
253286593
256604505
261750196
262767003
262788746
262938250
267124067
267252141
270174062
270266780
275728228
277432943
279611728
281298467
282956611
285742143
285902897
288371209
289136933
291337378
291356122
291657990
296944351
297293167
299539631
299621678
302386044
305007946
305553511
306540401
307801107
309565821
313448445
315186313
317024204
321061959
322632094
325561962
329353033
329420788
335535344
343613786
346627075
347621598
349317999
352273742
353537779
353569412
354741875
355171005
356195368
358452771
360960193
361516052
363644285
366326946
369619420
371060561
372519987
372624842
373512227
374415607
376771879
377518184
379374313
383723389
386852691
389124296
389474877
390116583
394591525
395642816
396018172
396347129
397215893
398600657
398978514
400421881
404910334
407711031
409627496
411986433
412225835
417366476
418816894
420770946
421427221
422410215
422500850
423637785
426284746
426940921
428615477
433217398
435307163
437392553
437408000
440324068
440738836
444147029
445544824
445995522
448250163
451049702
451922173
453350305
454327168
458907513
461189334
462716281
464341400
464757291
464874828
466742613
466935998
467598358
475171675
478104482
480042676
481575163
489086542
489364417
489962036
490672744
491388688
492001142
492618161
493304200
496575943
500165264
500567461
504007479
504858571
508802001
510271135
510534536
510652092
510756833
512620818
512679576
514117818
514831549
517238952
517769249
521805714
524999914
525222262
525332624
526494201
527216202
528262640
528737369
528881158
528920488
529822144
531146962
532520671
536261336
537312217
537459985
537861962
539659773
542969980
543636487
544848193
545079114
545795428
546553799
547469190
551907843
553567700
554994578
557210212
559805520
566446457
566725324
568475002
570302236
570688715
571350402
577467216
579498568
581416588
581941365
582912046
585100112
585758366
586342013
592332055
594048482
595461672
596378003
596906403
599173024
601154830
601329150
602906798
607788705
608151652
608875001
609893228
610612760
610996664
612708033
612972899
614222298
621896878
622188356
624157881
626459428
630185416
635084775
636693126
638230035
638958373
639911632
646761013
647706026
649328923
649527621
650184910
652343269
652478553
654372365
657053170
660838384
661767854
662487495
664459054
668218691
668462029
669749473
674027145
675173752
675551006
677380913
678811946
679195870
680841615
681978960
686025828
691024184
692588114
694691376
700069667
700082922
704586953
704946853
705319724
705919151
708088857
708186466
709117296
709738030
710653826
713086422
714496558
715505843
717360621
717905764
718607346
721603980
721937187
723865368
725644637
725694731
726452469
730003932
731965287
737307489
740437740
741674110
742981668
744555721
747660620
747827659
748929031
750289821
750742866
751554786
752484780
752740669
753072191
753767534
754070296
755427585
755698709
756660045
757054622
757398996
759462818
760182128
761435019
764771444
766732795
769702485
771425235
771594215
771661991
773947970
780496446
782808268
783781773
783797567
784125313
788218099
788461237
794485044
795554470
796245457
797360676
797664576
797794252
800373138
801457023
801565133
802442517
802970412
811622706
812403703
812437809
813121064
813308897
814203647
814685144
818702479
820229039
820588562
820813430
822498709
823431699
823499717
828173079
829324248
829522290
832468016
832658862
833912844
833952060
835186193
836659841
837162294
837455066
837744712
841225491
841573931
844359526
847314692
850281681
851456221
855411814
856003205
856243068
857296638
859081696
860474847
862171610
863159932
865003296
867841599
868201493
869137364
869266763
870932048
871431305
871803248
874656384
875998965
876915455
883013955
884365947
888647723
892211252
893143450
893698029
894960354
900842881
900972237
908079851
910745590
911313476
914279422
922891268
924155102
929418414
932648286
933328754
937531685
938990594
939863807
941940422
957145354
958742173
960205589
962454317
962865777
963503689
964047023
964636561
964809431
967405260
969546610
971338385
976102742
977340838
978098607
981510469
982348206
982354955
983644975
983828441
984054775
984864981
985685275
986858255
987770502
988053148
991446380
995947206
1000252238
1001144029
1003767578
1004265428
1004857000
1005640488
1007141856
1007804630
1009484131
1011791447
1018568624
1019770282
1019980993
1021371167
1022608599
1025097527
1029956087
1030761162
1031953339
1037089294
1037964772
1038171869
1042159411
1045683802
1046038509
1048182109
1048316247
1049799706
1055535993
1055939561
1057718501
1058247951
1059851696
1060097274
1065544030
1069283455
1069616085
1069900967
1069939963
1072041887
1074648346
1074841694
1075011434
1077736075
1078048429
1084273260
1085590975
1086638717
1089854733
1090837905
1090955451
1091909957
1093390402
1093494957
1096070534
1098719141
1100936820
1102647383
1104033917
1105299270
1107412445
1109693401
1110044853
1113418989
1115830141
1115950378
1117274061
1118749898
1119037275
1119297115
1122346093
1123002541
1123966070
1124345980
1127812594
1128133903
1129175045
1130160738
1131213154
1131497140
1132723892
1134197487
1135310643
1135527904
1137828798
1140769749
1141507612
1144118233
1144557158
1145950133
1146901998
1146918291
1147576193
1149264235
1154878052
1155784064
1156328350
1156857743
1157633179
1159989353
1160988518
1162074937
1164154766
1168384104
1172078846
1176439206
1176723601
1176905996
1180210098
1180586773
1184260776
1184491060
1184675716
1185358309
1187036757
1187400528
1188045521
1188855390
1190207152
1190712611
1191026181
1191705831
1194649521
1199199892
1200722397
1201171278
1201383563
1204184598
1205982198
1206602172
1207123069
1208100859
1209018305
1209492892
1210409511
1210909782
1213199642
1213586015
1214208175
1215773036
1215871892
1219443928
1223372288
1223739246
1224895928
1225356839
1225446479
1225446823
1225745252
1233131026
1235447112
1236084022
1237957107
1239365855
1239756639
1241667497
1241949643
1242932462
1243013212
1243535330
1243650642
1251818791
1252547819
1254284605
1258310168
1258580889
1260963439
1262645599
1265548582
1266222350
1266584790
1267921682
1272343629
1272956959
1273962348
1276614154
1277769648
1281747679
1284076424
1284703631
1285595457
1285756305
1287924990
1287953854
1289221158
1293069145
1293396510
1294684162
1297731745
1299948444
1299985549
1303429414
1303679887
1304884329
1305399803
1308369940
1309041441
1309364463
1312287209
1312688221
1314281289
1319753428
1320178465
1327038719
1328676403
1329678170
1332079210
1332198567
1332575954
1334990628
1339214661
1340026360
1340408536
1345386812
1345705062
1346453386
1346494348
1348044848
1352541661
1353476825
1358448018
1359354224
1360434877
1366346780
1369018958
1371589505
1374024625
1374161052
1376263957
1376786714
1376991490
1379144277
1380996705
1381329990
1381592578
1384651893
1386534625
1387570688
1392597298
1393214410
1395473852
1397753933
1398167732
1399004315
1400480859
1400546299
1400888506
1401645040
1404014109
1406073375
1406504498
1406596644
1406984570
1407724735
1408176322
1414624515
1416771659
1417560852
1418807267
1418981224
1420134686
1421152070
1423184551
1423437724
1428260022
1429888977
1430615821
1430899018
1433093656
1433441908
1436321940
1441903712
1442504647
1443996098
1444513938
1444979699
1445760450
1446586916
1446604238
1447453121
1450009086
1452326579
1452565556
1463890496
1465945110
1467501974
1467628520
1468097342
1468191936
1471985784
1473344144
1475028240
1475767798
1475987034
1477393261
1477873410
1479136806
1479884274
1482735699
1484232815
1485012127
1487588775
1487670265
1489642463
1490286038
1498565989
1498719143
1499190796
1499986569
1504067834
1509155955
1510966430
1513141614
1515264341
1519717502
1520620100
1520936526
1521892702
1523155299
1524167621
1524594016
1526403192
1527473320
1528415731
1529581914
1535882021
1537806759
1541805011
1545717574
1546351780
1546957942
1547806574
1551170390
1551502589
1553175872
1554323250
1555975712
1557405604
1562326190
1563263726
1565111997
1566054223
1570017446
1574154850
1574819380
1577567621
1578680817
1578844655
1578929667
1580642459
1581019365
1581164888
1583303249
1584669176
1584767376
1586183918
1587218817
1588802599
1600062823
1605833105
1606693778
1610911119
1611583443
1618442178
1619455331
1621450183
1623499542
1625512586
1630513071
1631569495
1632533912
1633871868
1635378102
1637439930
1637445338
1640036418
1640055014
1642934952
1650264822
1651019969
1651450951
1653550160
1654424067
1655511262
1656857908
1657449717
1657549043
1658123935
1659392034
1660380345
1661248523
1661954658
1662884098
1663152140
1663199515
1664096703
1666218468
1667460961
1668396097
1668708698
1670096086
1670551797
1670837276
1671195954
1674560096
1675529159
1676075158
1678012349
1678481257
1678901295
1678972797
1679815061
1682552284
1683235812
1683615735
1687607957
1688053812
1690528293
1690782476
1691930426
1696917936
1697111856
1702758110
1704899490
1706774397
1707446893
1709325653
1712713454
1713912939
1718022170
1718122865
1718144487
1718202898
1719471903
1720266789
1720382269
1722118982
1722787595
1725009316
1725477041
1726314119
1730376083
1730454351
1731081317
1731683034
1733516050
1736256461
1737425937
1737681600
1737885193
1738354656
1742896011
1744733303
1747446832
1747855817
1750418689
1756318436
1759984275
1760305973
1765849587
1766793329
1768069914
1770055516
1782166766
1782346285
1782698578
1783411095
1784900802
1788517165
1789570745
1791280353
1792160547
1792973888
1798565238
1798751051
1798855621
1799997497
1800784417
1802276805
1803650923
1804038486
1807117915
1808155641
1809639453
1812428162
1813389110
1813728564
1814707806
1816082669
1816624157
1816957205
1819206272
1819982689
1822036466
1825110406
1829377014
1829573161
1833424637
1837027098
1838376985
1841663178
1843419620
1843631887
1852043505
1856602791
1858221663
1862581029
1867697239
1869550240
1869665065
1871066521
1871609201
1874338295
1876378793
1876535298
1886258612
1886390798
1888570973
1890314430
1892455741
1897004331
1899559263
1902931032
1906112930
1910821338
1911363094
1912144510
1917675667
1918412510
1925583344
1925833415
1931021645
1931612634
1932692493
1933029877
1934327932
1934566985
1937122132
1939235112
1939244968
1942311768
1944159628
1946861447
1947762782
1949286354
1949903443
1950557545
1952265373
1952878345
1953363146
1953497846
1954024574
1954496220
1954517041
1959104378
1960344029
1964673426
1966917407
1968056036
1968419191
1971312124
1973241546
1974614442
1977401455
1981757784
1983616279
1983668015
1986299241
1986518790
1988453956
1990070469
1990235192
1991439309
1992181972
1992199195
1994256825
1994881960
1996305021
1997113128
1998483978
2000065155
2000264454
2003578584
2003687367
2003804181
2004192352
2008193283
2011790264
2012574863
2012701843
2012851145
2012978988
2013682764
2015813936
2015976044
2017730429
2019455199
2019806441
2021946408
2024442866
2024958572
2025435848
2025934725
2026848541
2028429479
2033831306
2033952766
2034390225
2037985391
2038320837
2038556157
2040744354
2047307927
2049248700
2049861901
2049963483
2050253382
2055013222
2055148275
2064124541
2064474329
2067090714
2068272694
2068452983
2068907526
2069211632
2074909315
2075907863
2076223923
2078830166
2082959551
2083445392
2087654004
2088502971
2089025237
2089121140
2089794702
2091219111
2092337709
2092825034
2092873268
2093589687
2093821187
2098614245
2098917020
2100417399
2104327010
2105401157
2109633536
2112927438
2116678188
2116727998
2120311362
2121371252
2123953217
2125152056
2126361347
2127138486
2128290139
2133961309
2135046293
2135665456
2139104544
2140194920
2141212036
2144763950
