Time in nano second: 624711249
-2147048445
-2141451849
-2140613252
-2136930306
-2135848536
-2132997670
-2131964663
-2130764446
-2130617229
-2129798663
-2128686671
-2127361673
-2127053609
-2125390616
-2124626497
-2122090669
-2120183633
-2119004310
-2117754455
-2113365943
-2112376015
-2110836628
-2108368603
-2108122596
-2102208956
-2100936489
-2100850517
-2100769935
-2098237747
-2094364955
-2094035392
-2093264748
-2092695887
-2091520003
-2091370739
-2090753268
-2090405999
-2085733556
-2085566994
-2085385310
-2081251777
-2077336386
-2075235497
-2071788631
-2065847148
-2065160419
-2058546621
-2056988942
-2055750511
-2055477008
-2054959730
-2053523541
-2050564285
-2046908955
-2043545616
-2042749936
-2037595328
-2037432368
-2037056439
-2036634885
-2035983631
-2023431898
-2021891326
-2015755306
-2014134264
-2013646607
-2013057018
-2011251835
-2010747183
-2009355309
-2008567338
-2007416101
-2005838064
-2005611986
-2004078382
-2003739303
-2003341041
-2002323626
-2001810328
-1999982247
-1999582405
-1997461243
-1993012634
-1989662925
-1988292183
-1985734825
-1982650497
-1982278539
-1980282587
-1980137000
-1979061702
-1978456843
-1978456116
-1972631477
-1971557062
-1971439784
-1970239996
-1965783779
-1965083107
-1960563995
-1957406815
-1955378976
-1952274922
-1951724570
-1949747227
-1946390422
-1946217283
-1943232968
-1943140301
-1940440375
-1936356334
-1933085950
-1928901413
-1927662255
-1926874534
-1926711451
-1924903585
-1924140972
-1920605996
-1918289991
-1917566042
-1916577382
-1915388507
-1914820266
-1911645964
-1907580932
-1905998225
-1898975204
-1895170442
-1891315449
-1889333129
-1887794236
-1881394450
-1880346721
-1879196836
-1878469455
-1871148797
-1869210976
-1869012369
-1859877080
-1858781886
-1855564896
-1855429766
-1854549263
-1850038304
-1848247284
-1847427137
-1846398263
-1844927494
-1843583345
-1834520483
-1833811574
-1832066962
-1831770847
-1825799448
-1825524093
-1817095598
-1815318717
-1813355040
-1807194854
-1807054863
-1806458542
-1805350691
-1804026451
-1799524110
-1794636304
-1793576828
-1792326903
-1792232596
-1791860487
-1787638389
-1783393135
-1781674645
-1776135167
-1775345286
-1774564165
-1770799289
-1769907211
-1768914862
-1767801983
-1766983493
-1766072147
-1762902593
-1760402114
-1758617906
-1758430405
-1757822605
-1755598842
-1753819239
-1748655031
-1745689737
-1744128221
-1741648640
-1737261817
-1736584827
-1728896316
-1727279748
-1726185012
-1725294843
-1723022771
-1722707440
-1712506591
-1705594758
-1703953247
-1699751721
-1699700750
-1698681463
-1695955624
-1695242543
-1695116142
-1692911032
-1690392069
-1689036830
-1688462007
-1687862721
-1686858211
-1684820248
-1683991006
-1681956948
-1678819123
-1671292186
-1669051668
-1668066766
-1667423296
-1665881586
-1665341029
-1663869955
-1662493040
-1661585909
-1660394844
-1660216245
-1656916549
-1652374578
-1646405299
-1642451343
-1637845525
-1636942483
-1634970114
-1634938353
-1631692754
-1629522202
-1628465971
-1627572498
-1626347506
-1622564156
-1621933378
-1621150739
-1620163180
-1619163541
-1616885467
-1616092185
-1615985518
-1614722754
-1614198153
-1610892372
-1607907951
-1605095298
-1604850186
-1602285301
-1601449615
-1601160644
-1600317134
-1599216097
-1597070649
-1595676778
-1594377870
-1591686019
-1591678447
-1589481467
-1584579383
-1583252625
-1582776710
-1582355391
-1582267606
-1579598250
-1573750060
-1572382840
-1572110747
-1571909247
-1567843825
-1567189392
-1566394868
-1564900292
-1555160866
-1553601788
-1549725340
-1547588277
-1547488358
-1545964223
-1545721747
-1542675484
-1540987049
-1540638131
-1534529753
-1532675145
-1531054630
-1529904821
-1528182396
-1526055942
-1522937628
-1519526727
-1517903714
-1516404704
-1514583506
-1512852993
-1508576062
-1508240297
-1507771580
-1507514271
-1505800043
-1503223207
-1502390419
-1502157768
-1500615348
-1500087601
-1498251650
-1496825465
-1494498473
-1494236393
-1493932703
-1487379047
-1484042308
-1481711897
-1479881358
-1479297377
-1478863251
-1477388226
-1473950722
-1471692280
-1466300990
-1462423174
-1460462590
-1459971597
-1459164433
-1455280571
-1454469933
-1450908296
-1446582926
-1444402841
-1442551387
-1440391118
-1440046650
-1439291306
-1433490100
-1432213042
-1431060742
-1428148774
-1427909170
-1425131163
-1422832601
-1422707248
-1420653693
-1420577037
-1419232524
-1417858999
-1414236039
-1410981771
-1410657318
-1409873324
-1405851411
-1405840382
-1403936102
-1401620631
-1396972655
-1390797471
-1389853583
-1386601258
-1386217779
-1381831337
-1379505910
-1378713043
-1377594188
-1376928104
-1376008191
-1375918903
-1375157090
-1374659149
-1370736184
-1368555790
-1367834807
-1365564008
-1362279515
-1361844682
-1360303920
-1359847244
-1359364164
-1356816364
-1356704520
-1351350729
-1348872501
-1348162612
-1347844516
-1346864099
-1345808848
-1341881492
-1340388068
-1338614113
-1338095510
-1337317468
-1333998175
-1333088481
-1333071228
-1329884947
-1328495006
-1325373712
-1324943728
-1324495822
-1324207922
-1323686680
-1319254637
-1318510380
-1316329150
-1315861094
-1315073875
-1315019906
-1314824965
-1314747267
-1312347751
-1310010392
-1308350158
-1306370743
-1304202222
-1299165992
-1298553396
-1298151162
-1293731205
-1292178591
-1285677181
-1278274604
-1265256634
-1261714933
-1259739469
-1258849549
-1257900391
-1250247155
-1247306834
-1244059634
-1242160165
-1237524408
-1236809225
-1234879360
-1233052542
-1232532178
-1228515441
-1227786954
-1227497750
-1227335197
-1223542854
-1222846181
-1216108741
-1210970034
-1210414762
-1210105696
-1209869939
-1208592273
-1208407538
-1202986054
-1202851756
-1199059278
-1197733144
-1197521003
-1191100986
-1188488162
-1188363436
-1188053748
-1186895590
-1186626841
-1185897553
-1184626291
-1184293850
-1182150072
-1177871740
-1176589600
-1174955623
-1171251418
-1168684696
-1168668253
-1165089821
-1163095435
-1160548547
-1157707316
-1156764843
-1153062114
-1151522902
-1150505867
-1147721537
-1147467916
-1143433283
-1141923543
-1141347286
-1139342211
-1138433426
-1136746691
-1135285285
-1135229394
-1128880956
-1125793610
-1120290525
-1120266049
-1118540778
-1118304433
-1117289262
-1116772159
-1116148629
-1111856872
-1108479562
-1108374756
-1102983618
-1101303174
-1097377521
-1092731003
-1091996493
-1088001748
-1086867913
-1083877248
-1083628584
-1077342386
-1076887307
-1075638170
-1072113800
-1067682002
-1064989107
-1057346702
-1055442187
-1054535869
-1044965340
-1043496305
-1042077491
-1041355031
-1039709884
-1038636919
-1032976458
-1032219846
-1027895170
-1026752466
-1025740366
-1025397003
-1022375916
-1021860492
-1020956129
-1014539453
-1010384346
-1006526369
-1005747794
-1004799861
-1004585437
-1003610194
-1003584111
-1002606388
-1002439439
-1000346066
-998704683
-989513309
-985524332
-975993518
-973180875
-970580448
-968846356
-964532046
-963266205
-962170448
-961049180
-960150384
-958375628
-953287462
-953113516
-952920364
-952910039
-951493963
-947410360
-946765980
-945211536
-943773482
-943211203
-941856178
-938605975
-938316102
-937054702
-936126177
-935121946
-934610632
-930928411
-919407655
-913654111
-912160227
-895462065
-894039113
-892802711
-890869351
-890228537
-888211552
-886461842
-886045860
-885255253
-885065562
-880380922
-879670874
-879557110
-875655508
-867922925
-867609234
-863811301
-862831952
-862318191
-862295218
-859533574
-855902227
-854756060
-854537079
-854445591
-851126015
-849178640
-845934393
-843246060
-841047275
-835248115
-834888712
-832568273
-831185655
-829825997
-826817191
-825104321
-824547955
-821232294
-819252142
-818868141
-818864689
-813033144
-810936474
-807062733
-804001030
-799683798
-798852946
-798798610
-797947909
-794080459
-793801091
-793565966
-788406996
-787936227
-785946214
-777579486
-777209855
-776951481
-775318731
-773773738
-771887200
-771201347
-767746269
-765519015
-764348392
-759588603
-757685475
-757572109
-756914644
-756662143
-755777917
-748580756
-748373141
-745080944
-744650582
-742250585
-740412385
-736915403
-733853398
-730553518
-725093930
-724693403
-720979656
-717074583
-715955254
-712946359
-712124801
-711206574
-710922948
-710908746
-710216318
-709835116
-705598844
-704580476
-704272604
-703065199
-698690878
-691980727
-688627572
-686632599
-686375613
-686324782
-686278305
-675748445
-675316284
-671310529
-670141476
-669250916
-664259559
-660964823
-659171400
-656522372
-656502899
-653059594
-651104576
-647202419
-645432834
-643376629
-637958227
-636066895
-634800124
-633961786
-629555573
-627601364
-621039990
-620034295
-619757175
-608793681
-607236792
-604924772
-603816928
-601150727
-600006268
-599073020
-593960918
-591694010
-589844033
-588990264
-586716562
-581347986
-580515828
-580039930
-573107331
-570862708
-570436114
-568939388
-568437281
-568297828
-567833015
-567379452
-567177076
-564987522
-564812398
-563815297
-561372301
-556309478
-547046157
-546765060
-542801876
-540418850
-539653347
-537629969
-527248270
-525793626
-524085923
-520092439
-519417983
-519257825
-513069039
-507769654
-507633115
-506281177
-503407583
-503196588
-501708385
-500589801
-498306075
-498237408
-488117008
-485949426
-483226616
-467961572
-467873219
-467799072
-465672369
-462660666
-460464249
-460169388
-458050830
-457858356
-452049529
-451519390
-450671183
-449390148
-448049224
-446986006
-446556260
-442256293
-441770673
-436615530
-436072019
-432037638
-430368253
-428540848
-427708860
-424934523
-424555445
-421169584
-420019098
-418015550
-416523598
-415656878
-413264522
-411780808
-411354142
-402538052
-402463934
-397824963
-397059842
-392172577
-390886412
-383956634
-382184685
-379502721
-367085948
-364101891
-364012940
-362174251
-361340039
-359947218
-357447839
-356028029
-353521613
-353418118
-351832095
-351227892
-349499056
-348777397
-342319477
-340806048
-337782840
-337333562
-335949413
-335832941
-335744065
-331492703
-329922140
-325609509
-324123307
-323669354
-321903203
-320967666
-316272513
-314318287
-312432022
-310991885
-310071886
-309485703
-307427219
-306952526
-301462692
-299877868
-298906253
-298567263
-298116236
-297989810
-297432730
-296450173
-291926107
-290710441
-289637719
-288641413
-285402583
-284237448
-281656210
-277521632
-274403488
-274325315
-271612636
-270509760
-270427369
-268660089
-265746036
-264733478
-263259059
-261624977
-259036808
-253959142
-251768275
-250136896
-247434143
-245126794
-243580410
-237609436
-231377118
-228474594
-218699443
-217374376
-217069527
-216693334
-213717792
-209170495
-208265468
-205257869
-200022414
-198890028
-197174950
-193969718
-192429977
-191908977
-190089929
-189532456
-183543646
-182346420
-176342119
-176117793
-174382906
-173455248
-171234031
-170283691
-168314125
-162319114
-161707286
-161628614
-157697410
-157326866
-149518314
-148401282
-141789692
-130420068
-130287875
-129871281
-128460415
-124566453
-120255893
-116803978
-113767230
-113029473
-112887294
-110985331
-109128907
-106364228
-105306299
-103688562
-103335510
-99233466
-98517586
-96032746
-92776362
-90499537
-87173061
-84728150
-79526540
-76361302
-69832271
-62005970
-61821766
-61657346
-60109160
-59190067
-57580135
-55738805
-52990194
-52734533
-48915442
-48791914
-48749813
-44244286
-42573803
-41259053
-40296998
-38502112
-36659665
-31092307
-30408772
-30124488
-29485808
-27519390
-26010473
-24162593
-23313157
-21576284
-21297410
-19102700
-16374394
-16262442
-15391306
-15259275
-13132227
-10401104
-9386711
-5281322
-4999618
-4955693
-4663358
-3667130
-3346499
-2811229
-2717682
-2562560
-1220181
649875
1283710
1631938
1870565
1913808
3261286
4091864
7768752
8970479
10476629
10691938
10978533
12884323
13587912
27317605
28526821
32924654
33158691
35205312
40637685
41459601
41982405
42408806
46551732
48306538
48459253
50518070
50812724
54108261
55925574
60395513
60397101
63544955
64778037
66611313
69624071
70525169
74765886
75278895
80713594
81238082
82252472
88900717
91341433
94414764
97373658
97434766
99589117
100048696
105528791
106501299
108879063
109602574
111486926
111933762
115355820
117707917
122767459
125669922
125671988
125883641
131154682
134409420
138442753
140959512
142853258
143031663
143890029
144938661
146754720
149751600
151516705
151539339
152697649
154994910
155997693
157314531
158492045
160182319
160592112
163148919
165059318
167798791
171635576
171971014
172116632
173110946
178301663
180711285
181681530
188417007
189648877
189936517
197161604
198218937
200272454
203588502
205177186
205920327
207562310
212610421
214885978
216124272
216311166
220862208
221535483
231821450
232277252
236067402
237708176
239723099
239771502
241792932
242573084
242996802
243160106
244574221
245576297
246787159
249510812
254053023
256654662
258094888
269111712
273236571
275268280
278989325
281353491
285132133
285685290
285966243
292829966
293846103
297832011
299517228
300855307
301582380
302318414
308696484
314263411
315180969
317623893
318777478
324265816
328593335
330103278
335837853
337367616
339096325
341834644
343864592
344056804
344346962
344444003
345086080
347705256
349484502
351774577
354248586
354440771
361968050
364402723
368051494
373571076
376688862
380481418
380583302
381485768
381712240
382431878
384219081
384635120
389479892
392710129
393599426
396216348
397254465
398099538
402028917
404592913
406564326
407430358
407985423
408632047
408799041
411924861
415058551
415620578
418260857
419355067
420786688
426032471
429282816
431358756
432703325
434674825
439261368
440083349
440427436
440737720
441777752
449062218
450426520
451999952
452098892
452303889
455004556
456218655
456224789
457581016
457649332
458585742
459133246
460249293
462556518
464570287
464796977
466732183
468630266
469838549
472514998
474059382
474509743
477127173
477297105
477408895
480958318
483469010
485629766
487533203
487586984
490265588
490549445
491909791
493048550
504446538
505142107
506888614
508499554
509018697
509138025
517546970
518843038
520909885
521407513
521718537
523003609
523696217
528754913
535054256
537856851
537943460
538900332
539920211
540197970
541083289
543484772
547887011
548478422
549773409
550486125
551173682
551880089
553622445
554095515
554799881
555007020
557384704
560207571
564881653
565575664
566838502
569555437
570012496
571609266
576269921
579545785
586897125
589793086
590076389
592004744
592131980
595804709
596269040
596550381
597695532
603008994
605542138
606169375
610294567
615120310
617600156
620490505
622421141
625100716
626875792
627300427
630100644
634451390
634912839
634939580
635882407
637310475
638646436
641314989
641392316
642429941
646594666
647015379
648186865
660359972
660740317
661202973
661467657
662409665
663046722
663163017
664550409
667431143
667870713
668782392
668851970
672688118
672834316
675987953
676006096
678208949
679773151
681486202
683807055
688108367
689471289
691111207
692254108
693718791
698119625
698324815
699578611
701285655
702293367
702847710
704475838
709166253
711388811
712893478
712955080
713947375
717821287
727263174
727457603
728392185
728793313
734499674
740479730
740484188
744010515
748423395
748957003
749175516
749733829
756057448
757388187
757493420
758500945
761335304
764498110
766191875
769663743
771956484
778903221
779072704
779974843
781975567
789066857
789904723
792375425
792785780
794191406
802532494
802650319
802988939
804160256
805897380
808807400
813672093
815811435
815842306
818500494
819811250
820089113
822459020
824911857
824940343
827493956
830137969
832137234
842187043
842874822
844215684
845420493
845471810
846491512
854924542
855336987
855503771
856912065
862588924
867400414
869519396
869964182
871724278
872174521
874182722
874249945
879060176
881496838
883001654
883228967
886486619
887207526
893546997
896220255
900632615
900957239
904210800
905176105
905744205
908887570
909510346
912869570
913734775
916531613
918900998
920009906
922810171
923627103
924586669
930376113
931240128
931371847
931953183
933324276
937424799
942620560
942796815
948147331
956889469
957620798
961046088
961788120
963421986
968156738
970105241
971073108
971587818
973272520
974953308
977450735
977925513
978015389
979391716
980018294
982038538
983717027
984612944
990629178
991123551
991368517
994046531
1005083311
1005740869
1010073504
1010927261
1011301931
1016047704
1017722140
1018836703
1022337844
1028719504
1032835843
1034514402
1038300425
1040591364
1043854497
1044695366
1047709434
1048855417
1053489674
1055084346
1058677470
1061095006
1061721690
1065533142
1085015888
1085246573
1091263411
1092015606
1093472921
1095206562
1095606296
1098135080
1101308673
1101824636
1102454669
1103397867
1103760068
1106294967
1110307629
1113219316
1115132469
1115256746
1116388333
1117242502
1118705101
1126130420
1126261080
1127722000
1131522025
1135364046
1135568884
1139218355
1141223346
1147044396
1147367314
1148851903
1151600141
1153493217
1154722421
1155936524
1156088372
1160269771
1163862345
1167796077
1167974694
1168197480
1169367075
1170205621
1171336871
1178730308
1181634424
1188889856
1190278944
1190653119
1192563377
1194617877
1194836161
1196447822
1196626816
1203086025
1204459663
1205685730
1210408567
1210445651
1212771802
1219500763
1219990094
1223169944
1223306350
1228254070
1232348890
1235749768
1236041714
1237598367
1238287769
1239590247
1245400321
1253585149
1254803811
1255448775
1256698520
1261381528
1262454432
1262806058
1264205021
1264405077
1264805857
1266076902
1267150795
1271831847
1272290087
1279513177
1280321308
1284511161
1286290092
1289194117
1291334863
1293509767
1295495915
1297079180
1299546025
1299715846
1301554708
1304238337
1307075503
1307775151
1312688017
1312706017
1314012872
1314281071
1316638149
1317810764
1319271810
1322195263
1322387934
1324664731
1325575088
1326282196
1327434289
1331387981
1333486868
1337117698
1338961250
1340360493
1340854383
1343462845
1343601654
1347647921
1350424612
1351001762
1351116116
1353343608
1353732023
1357430132
1362255177
1363166516
1366264819
1366779219
1366803618
1371806100
1373719544
1376265391
1381691175
1382466619
1382699964
1390332800
1392391349
1393280149
1394559335
1394583787
1396095529
1398138403
1398217470
1401746536
1403527836
1406170380
1406754088
1406993316
1408499494
1411261733
1414293239
1414437545
1415450863
1418591436
1419106051
1421945084
1423643467
1424755861
1429589312
1430124589
1431004038
1433697003
1436138793
1437731741
1437902377
1439968466
1440783849
1443124040
1445336719
1447518101
1447536760
1450065546
1450261882
1451074942
1455815106
1456834898
1457271411
1459156704
1459489102
1459958539
1462476431
1462753226
1473195569
1476839576
1477591878
1484711180
1485811185
1486043412
1487930578
1487938183
1488495426
1493078785
1494846243
1496787144
1497286089
1497580505
1500351832
1508628727
1508670716
1509841680
1510307031
1510542439
1510577429
1510835382
1511206396
1511944547
1512015008
1513291923
1516099198
1516887692
1521756067
1522787236
1524207558
1524516709
1524744786
1525748772
1529562078
1531743876
1532847750
1533430428
1535138584
1538019269
1538972148
1542583306
1544154538
1544930394
1548134813
1549585271
1549828861
1550063299
1551229224
1557567304
1558742523
1558926500
1558975579
1561257831
1567788123
1568373631
1571490955
1577894601
1585658517
1585815890
1587407882
1589674904
1590960785
1593334969
1596869641
1598803440
1607321901
1608745829
1609083730
1611733909
1612029905
1613092888
1616937551
1617692667
1617766175
1618915540
1623439063
1623445808
1624130271
1624859916
1625823864
1630492888
1633952496
1639713870
1641031432
1644323492
1644422303
1646208370
1654949758
1658065843
1662412364
1666867582
1667409392
1670077210
1671084367
1672000260
1674836587
1675107015
1676962779
1681259476
1683223461
1685943902
1686788628
1688355647
1688400719
1688795316
1690373415
1692718485
1694182330
1697839583
1703946715
1704420603
1704551909
1704707006
1707898452
1708639034
1708723830
1709015994
1710494359
1710809480
1711351623
1712315330
1714743255
1718694661
1719579765
1720828550
1721199406
1722128030
1727623090
1728797383
1733723763
1735301054
1741906119
1742498708
1742676851
1744512584
1747731818
1749948544
1750172622
1750890374
1751385406
1754510705
1755651425
1756132225
1757697682
1758658689
1761874588
1766801861
1767796861
1769349017
1769947970
1770335782
1770793938
1774126741
1776207161
1778719100
1778818717
1779907214
1786011005
1791317380
1793002798
1794602608
1799121658
1803188080
1805843813
1807703808
1810216915
1814517712
1816667542
1816726949
1816906371
1817148790
1817175075
1823990680
1825786655
1825860630
1827341934
1827829504
1831297855
1832602583
1833080887
1838708984
1839854717
1845072450
1846115806
1846739432
1853322856
1858910581
1862432626
1862444343
1862667629
1863422544
1866723764
1868161853
1869926429
1871915605
1872887266
1873945934
1874228990
1877514892
1885090355
1885566470
1887444247
1888929768
1888942438
1890603997
1891199786
1893638308
1894222977
1894394348
1900422602
1902299460
1902355135
1902480336
1906250789
1906488676
1908333767
1910176624
1917448686
1919332439
1925672229
1926144685
1929109122
1929881471
1929888866
1929921048
1930714779
1930903987
1934184910
1934260764
1936136497
1938616990
1938782971
1939248194
1940980997
1942474990
1943114381
1946473611
1946904541
1947505278
1953153577
1953300237
1956016975
1957538369
1960485537
1964204704
1965488899
1968745884
1969024579
1972999604
1973092429
1983301096
1984763868
1990589529
1993539696
1993887882
1996375753
2000017621
2006904356
2006926075
2009176005
2010823903
2012915767
2012944065
2015033746
2017043578
2018580708
2023152243
2024024907
2024546489
2024835027
2025173964
2025922253
2027968789
2038295736
2040214666
2043766890
2044526397
2047441443
2047475646
2048328426
2048666319
2050062816
2058628144
2058910169
2059730371
2060375135
2064506348
2065448514
2065705111
2066540709
2068168591
2068905130
2070036004
2071065903
2075099192
2075675498
2078850633
2081429094
2081495661
2084773389
2086173783
2087206989
2091206757
2091830703
2093593131
2094971961
2096808367
2097316265
2105286972
2106089460
2110513413
2112757523
2113148730
2114225137
2114962928
2117813881
2118554355
2119131141
2120291454
2122039578
2124665531
2126498341
2129252691
2129355775
2129361983
2130425702
2132283594
2132898943
2134477959
2141407483
2145574563
